6.519321560486484035e-01 9.635669811601821344e-01 1.000000000000000000e+00
1.037880772870969359e-02 -5.521864687965012397e-01 -1.000000000000000000e+00
-5.467034272720319166e-01 -9.882308761447629042e-01 1.000000000000000000e+00
-7.858802027793623246e-01 -4.969338124462989725e-01 1.000000000000000000e+00
-2.295615645802633331e-01 8.437032809609592565e-01 1.000000000000000000e+00
-6.879666842917788738e-01 -5.366193024271241896e-01 1.000000000000000000e+00
9.397769628438130685e-01 -6.528167117033494282e-01 1.000000000000000000e+00
6.266462391074589799e-01 -8.478731480397609932e-01 1.000000000000000000e+00
1.480137459553105828e-01 3.758626185400411046e-01 -1.000000000000000000e+00
-4.263257570824374731e-01 1.696780457892224092e-01 -1.000000000000000000e+00
-1.005161508820950900e-01 4.000065412892004346e-01 -1.000000000000000000e+00
-9.599689286851320613e-01 6.732413935560728202e-01 1.000000000000000000e+00
7.662248665263879932e-01 -8.194051018700587719e-01 1.000000000000000000e+00
-5.114040562811839052e-01 -8.353485397076694241e-01 1.000000000000000000e+00
-1.596552284705010649e-03 5.607069911364614967e-02 -1.000000000000000000e+00
-6.125939288204238498e-01 -2.648299838893968250e-01 -1.000000000000000000e+00
6.316078931379809358e-01 -3.801439881616608396e-02 -1.000000000000000000e+00
4.407700524316999768e-01 -8.925381552920126360e-01 1.000000000000000000e+00
-2.708704574128444342e-01 1.046246788209170830e-01 -1.000000000000000000e+00
-2.698210638848030918e-01 8.906507714112168461e-01 1.000000000000000000e+00
4.896883781859424634e-01 -6.007562119124383315e-01 -1.000000000000000000e+00
1.372469521952379701e-01 5.146624786943929664e-01 -1.000000000000000000e+00
3.317996534795208952e-02 -2.364995076359477366e-01 -1.000000000000000000e+00
7.451234219906481826e-01 -8.234550872306163338e-01 1.000000000000000000e+00
2.106160756966271030e-01 9.867473085997029436e-01 1.000000000000000000e+00
-1.076901477296532406e-02 3.233360530159861135e-01 -1.000000000000000000e+00
-7.330247433323349160e-01 7.210510331604771395e-01 1.000000000000000000e+00
6.277299581829081099e-01 -3.127459955377891454e-01 -1.000000000000000000e+00
-3.687319152163612834e-01 -5.806294120261359382e-01 -1.000000000000000000e+00
3.070075582895026578e-02 6.443017961470218768e-01 -1.000000000000000000e+00
-2.779712203569237872e-01 -1.925493710995289653e-01 -1.000000000000000000e+00
1.105061032037220059e-01 1.598135158487878904e-02 -1.000000000000000000e+00
5.793040591051621391e-01 1.067715715943862165e-01 -1.000000000000000000e+00
4.662260398098272418e-01 -1.219553488043298994e-01 -1.000000000000000000e+00
-4.939080387560181862e-01 9.461532158539533999e-01 1.000000000000000000e+00
1.668536033716414568e-01 -3.512534853721562822e-01 -1.000000000000000000e+00
4.284417443648578239e-01 5.548783175829705705e-01 -1.000000000000000000e+00
-6.482539610028197341e-01 -6.106090492867521924e-01 1.000000000000000000e+00
3.222093026521433146e-03 -2.493583130166558970e-01 -1.000000000000000000e+00
-6.151092550874868170e-01 -4.239214451335477918e-01 -1.000000000000000000e+00
6.257914832717257347e-01 -6.796660551238238313e-01 1.000000000000000000e+00
3.589764244744237942e-01 3.831378676800691885e-01 -1.000000000000000000e+00
-5.149468796837077811e-01 7.949641984756778967e-01 1.000000000000000000e+00
2.259542310159059486e-01 -4.510701867138893206e-01 -1.000000000000000000e+00
5.482818421741344483e-01 -3.411893081584382870e-01 -1.000000000000000000e+00
8.720235837660796907e-01 -5.720974130214588893e-01 1.000000000000000000e+00
1.993579478648190850e-01 2.512585381648291261e-01 -1.000000000000000000e+00
-4.106998514950532808e-01 -1.621881943025260675e-01 -1.000000000000000000e+00
-9.198636354354339240e-01 2.395478946553806221e-01 1.000000000000000000e+00
-4.552078762202067530e-01 7.712660747662989369e-01 1.000000000000000000e+00
-1.867235174291868027e-01 -8.805018508858879489e-01 1.000000000000000000e+00
7.939732372919814374e-01 6.005522549750159644e-01 1.000000000000000000e+00
2.115122250056584718e-01 7.793348666426691551e-02 -1.000000000000000000e+00
1.214000095513272370e-01 -2.241663314117279260e-01 -1.000000000000000000e+00
-3.773345248294970311e-01 -8.024766628166890570e-02 -1.000000000000000000e+00
-4.737667761189006121e-01 2.565131182101223484e-01 -1.000000000000000000e+00
7.760295636651974860e-01 -4.788681633598868004e-02 -1.000000000000000000e+00
1.303843437766432078e-01 4.973782322337261252e-01 -1.000000000000000000e+00
8.984680647335476777e-01 9.997944029136072164e-01 1.000000000000000000e+00
7.193949540836395151e-01 -5.206733565543881781e-01 1.000000000000000000e+00
6.017183753180623818e-01 5.042593868815741232e-01 -1.000000000000000000e+00
-1.387487427572178245e-01 -7.844274753574587145e-01 -1.000000000000000000e+00
-5.504386248414383509e-02 -6.124352804116726112e-01 -1.000000000000000000e+00
-3.815198016215015642e-01 6.865737200878097024e-01 -1.000000000000000000e+00
3.519329125106980261e-01 4.580807121280583427e-01 -1.000000000000000000e+00
-2.342713363202162391e-01 5.287250546255792827e-01 -1.000000000000000000e+00
-7.927257880516505040e-01 8.633251900867018325e-01 1.000000000000000000e+00
-6.087997109126201956e-01 -2.668456674168471210e-01 -1.000000000000000000e+00
1.603004211999772277e-01 -9.534411997809435491e-01 1.000000000000000000e+00
5.465055621382115536e-01 -3.660173338458954095e-01 -1.000000000000000000e+00
2.236759822057203806e-01 -7.532192969185227405e-01 -1.000000000000000000e+00
1.153897776171146639e-01 -8.289061932743770900e-01 1.000000000000000000e+00
-7.003542815503194241e-01 1.055173567849823080e-01 -1.000000000000000000e+00
3.114396194203468138e-01 -4.640612828198784623e-01 -1.000000000000000000e+00
-3.990891340559215017e-01 -7.030315418499699653e-01 -1.000000000000000000e+00
8.809955965183866589e-01 -4.186340288856156278e-01 1.000000000000000000e+00
7.505079456847678632e-01 -1.227056113160842621e-01 -1.000000000000000000e+00
-6.441069335722879874e-01 -3.540868738494959977e-01 -1.000000000000000000e+00
-3.022507556118967376e-01 -2.281609725721354121e-01 -1.000000000000000000e+00
-1.735364223330657651e-01 -7.341431232613742086e-01 -1.000000000000000000e+00
4.160518736595688605e-01 1.208489796668699157e-02 -1.000000000000000000e+00
7.602452621044468728e-01 7.364376798244844924e-01 1.000000000000000000e+00
8.426816453971657239e-01 -6.120963483811276973e-01 1.000000000000000000e+00
9.589551717400410791e-01 5.105311071998530625e-01 1.000000000000000000e+00
5.599280389447973683e-01 6.481143226132246582e-02 -1.000000000000000000e+00
-7.146662292791803317e-01 2.649937342594355094e-02 -1.000000000000000000e+00
3.803955340691411724e-01 -5.870675479257616569e-01 -1.000000000000000000e+00
-9.621209000649542098e-01 -2.381871025914492623e-01 1.000000000000000000e+00
-3.639149523525064822e-02 -6.246050904748898791e-01 -1.000000000000000000e+00
4.130021550239246775e-01 -7.777402581391270608e-01 1.000000000000000000e+00
-2.154761384415766479e-01 6.444007440739050185e-01 -1.000000000000000000e+00
7.980052404307047542e-01 4.097039300373528370e-02 1.000000000000000000e+00
6.827547750783398151e-01 -5.086999244855514579e-01 1.000000000000000000e+00
6.869597645641338790e-01 1.358111477349339680e-01 -1.000000000000000000e+00
9.451634920242966142e-01 -3.026515659511681555e-01 1.000000000000000000e+00
-4.642755341518320922e-01 -2.615288347582849227e-01 -1.000000000000000000e+00
-8.388495105993565293e-01 -1.685247477451590203e-01 1.000000000000000000e+00
2.382940938446975743e-01 -3.310041791791862309e-02 -1.000000000000000000e+00
1.268128026767305627e-01 -3.212151413763664198e-01 -1.000000000000000000e+00
-9.102261109458096300e-01 -9.823213748864845218e-01 1.000000000000000000e+00
