2.913318980689094673e-02 3.992169821282598452e-01 1.000000000000000000e+00
2.415340569140328464e-01 3.986659019059302089e-02 -1.000000000000000000e+00
2.550623670629021955e-01 6.054962579944336287e-01 1.000000000000000000e+00
6.260903105914348288e-01 9.618951884154880450e-02 -1.000000000000000000e+00
5.011258500886062173e-01 5.993522644294716484e-01 1.000000000000000000e+00
6.407939516566896199e-02 2.496862211373330753e-01 1.000000000000000000e+00
2.459511844563806449e-01 2.991554443945507735e-01 1.000000000000000000e+00
2.604504371468793211e-01 1.293246545364541422e-01 -1.000000000000000000e+00
1.473609821464727521e-01 5.239400423102991144e-02 -1.000000000000000000e+00
8.149331692870920296e-01 2.914804707963587482e-01 0.000000000000000000e+00
2.091096486597255888e-01 3.754208795886488925e-01 1.000000000000000000e+00
6.684247053237855063e-01 9.172813205635926836e-01 1.000000000000000000e+00
6.410275199422009740e-01 5.045199788607718228e-01 0.000000000000000000e+00
1.173241254243060361e-01 2.176964739217904787e-01 1.000000000000000000e+00
2.312042121164136210e-01 4.990625302936482210e-01 1.000000000000000000e+00
1.178944582094351157e-01 1.436461542767520916e-01 1.000000000000000000e+00
4.770221582914482283e-01 2.467969675805467000e-01 -1.000000000000000000e+00
1.564510309022850709e-01 4.590433791629758842e-01 1.000000000000000000e+00
5.780982429489018859e-01 9.172800123264736039e-01 1.000000000000000000e+00
7.865560988869626513e-01 2.194548414619413856e-01 0.000000000000000000e+00
9.011502918484357583e-01 8.338715349687008116e-01 0.000000000000000000e+00
1.178235186784297728e-01 9.383086457999901819e-01 1.000000000000000000e+00
2.273110563322634503e-01 7.052448961397361771e-01 1.000000000000000000e+00
8.776272520883958705e-01 8.847586929414860135e-01 1.000000000000000000e+00
3.940703413150160594e-01 2.605830578605814463e-01 -1.000000000000000000e+00
1.212389260476977038e-01 5.317826741464677376e-01 1.000000000000000000e+00
4.388667044767151637e-01 4.204896705731464568e-01 -1.000000000000000000e+00
3.519054699366990224e-01 3.339379132613067291e-01 -1.000000000000000000e+00
4.907293306262604515e-01 6.732061560720703497e-02 -1.000000000000000000e+00
7.705600107358840933e-01 1.465672306697876071e-01 -1.000000000000000000e+00
2.060210023045796479e-01 7.257969500019766373e-01 1.000000000000000000e+00
3.347742940536465595e-01 5.112163970332890273e-01 1.000000000000000000e+00
7.140376414937932292e-02 8.223864452622198229e-02 1.000000000000000000e+00
2.662104451883980927e-01 9.767482552559507702e-01 1.000000000000000000e+00
9.339727047295586226e-01 8.241885995753537308e-01 0.000000000000000000e+00
9.165057236998651602e-01 9.596282838245157043e-01 1.000000000000000000e+00
9.184169877292972517e-01 5.553488006893133599e-01 0.000000000000000000e+00
3.045958230265211064e-03 3.720007748291227490e-01 1.000000000000000000e+00
1.024068513129994251e-01 6.571288086482874879e-01 1.000000000000000000e+00
7.275587414936602881e-01 3.889382827186408376e-01 0.000000000000000000e+00
2.936817457892494376e-01 3.009609301198062914e-01 1.000000000000000000e+00
8.486258883558928101e-01 7.233505691183742536e-01 0.000000000000000000e+00
6.353901184893895326e-01 9.408797949137432948e-01 1.000000000000000000e+00
6.125859542768652410e-02 4.016242302776530382e-01 1.000000000000000000e+00
6.724671907544539362e-01 4.232959483768872211e-02 -1.000000000000000000e+00
4.508805183751972701e-01 9.009781944441649371e-01 1.000000000000000000e+00
8.630338512850888044e-03 9.810824645296761792e-01 1.000000000000000000e+00
5.760833418880251244e-01 9.541114225319888842e-01 1.000000000000000000e+00
6.197552728048912885e-01 5.024186701351229800e-02 -1.000000000000000000e+00
8.918925906994726871e-01 8.170532273944426382e-01 0.000000000000000000e+00
7.452222990889281196e-01 5.652680186145397911e-02 -1.000000000000000000e+00
5.832809826943491371e-01 8.667346629137946401e-01 1.000000000000000000e+00
8.734818989216928120e-01 7.333098829906756766e-01 0.000000000000000000e+00
5.831751813765744252e-01 7.087547989262655834e-01 1.000000000000000000e+00
8.387347093052323066e-01 6.787548840593987665e-01 0.000000000000000000e+00
9.987546613601873124e-01 7.569946674552019417e-01 0.000000000000000000e+00
9.819674326989807911e-01 5.939244625737051253e-01 0.000000000000000000e+00
9.594739309454308751e-01 4.190254583501090702e-01 0.000000000000000000e+00
8.479170848006979400e-01 9.925268774662104887e-01 1.000000000000000000e+00
2.432817915993528146e-01 8.812955798429306098e-01 1.000000000000000000e+00
2.523269412061950323e-01 4.681931331396546048e-01 1.000000000000000000e+00
5.076955964629972229e-01 5.624837224401398883e-01 1.000000000000000000e+00
5.885779919653399972e-02 5.289818662364021984e-01 1.000000000000000000e+00
6.435878533081927921e-01 2.901963070252988608e-02 -1.000000000000000000e+00
9.574389633903245267e-01 8.007271335120829114e-01 0.000000000000000000e+00
5.327459645689163192e-01 5.258704526994726347e-01 0.000000000000000000e+00
3.330007995161228251e-01 4.452634745439055797e-01 1.000000000000000000e+00
9.522484501035445303e-01 6.210697966291068850e-01 0.000000000000000000e+00
7.033789766331270954e-01 5.676105505912536486e-01 0.000000000000000000e+00
5.876193823864839239e-02 2.375230060249019504e-01 1.000000000000000000e+00
9.949418570087397162e-01 5.635725931743967854e-01 0.000000000000000000e+00
3.686273912994466606e-01 7.662970337746883853e-01 1.000000000000000000e+00
1.830014176204042275e-02 3.740648619978096390e-01 1.000000000000000000e+00
8.224278975589860430e-01 8.567279471210801356e-01 1.000000000000000000e+00
7.731184438478518883e-01 1.658455140041718012e-01 -1.000000000000000000e+00
9.479618594906568108e-01 4.041632960797407748e-01 0.000000000000000000e+00
7.198285366320079648e-01 9.572601940340935700e-01 1.000000000000000000e+00
7.299616849333923074e-02 7.848116427241957904e-02 1.000000000000000000e+00
1.556606227178686241e-01 5.399239494006943252e-01 1.000000000000000000e+00
8.926349754682574300e-01 1.322773677109713164e-01 0.000000000000000000e+00
2.659416370079391578e-01 7.171261079099948699e-01 1.000000000000000000e+00
9.942159620697219591e-01 5.122600138424451277e-01 0.000000000000000000e+00
4.410409536545627507e-01 4.005303639582177277e-01 -1.000000000000000000e+00
2.776291209133208149e-01 5.392223757328700184e-01 1.000000000000000000e+00
3.981661201629460578e-01 9.352664663358205566e-01 1.000000000000000000e+00
4.213796863410649296e-01 7.654946983880058786e-01 1.000000000000000000e+00
4.173180031491846576e-01 3.491072885965520456e-01 -1.000000000000000000e+00
3.444773958642644018e-02 1.718325209520639163e-01 1.000000000000000000e+00
8.008164200512180031e-02 7.933722615431748615e-02 -1.000000000000000000e+00
1.820542403299546530e-01 7.953565627986322051e-01 1.000000000000000000e+00
8.980153347762794835e-01 5.541611266348148712e-01 0.000000000000000000e+00
2.017923538536179340e-01 6.950379122199785709e-01 1.000000000000000000e+00
6.584454331240323643e-01 3.685616463362110240e-01 0.000000000000000000e+00
3.023098344651979907e-01 2.906698082392528137e-01 -1.000000000000000000e+00
9.745424037067784706e-02 9.076778077495738506e-01 1.000000000000000000e+00
8.417056947355985308e-01 3.442877333955384200e-01 0.000000000000000000e+00
7.473917780007420797e-01 9.199282647938769042e-01 1.000000000000000000e+00
8.216712055523978098e-01 6.337233366715158134e-01 0.000000000000000000e+00
4.554387283431210465e-01 9.586101572112722957e-01 1.000000000000000000e+00
6.072584050050854332e-01 1.720106357029528299e-01 -1.000000000000000000e+00
