3.680592445330068685e-01 9.974975174442657355e-01 1.000000000000000000e+00
8.313698085735793386e-01 5.914434712135528960e-01 1.000000000000000000e+00
1.212157687854912291e-01 6.384371121437748542e-01 1.000000000000000000e+00
6.129148726119525437e-01 5.580329311488300137e-01 1.000000000000000000e+00
5.508091854022448830e-01 1.956565400751488770e-01 1.000000000000000000e+00
4.372467507588650992e-02 6.953501442387196585e-01 0.000000000000000000e+00
7.153626545368836354e-01 5.853635641736512074e-01 1.000000000000000000e+00
3.800630330354670683e-02 4.263586243173635992e-01 0.000000000000000000e+00
8.988721827126769925e-01 6.731825911024686970e-01 1.000000000000000000e+00
3.476667650538961540e-01 9.972891490402416848e-01 1.000000000000000000e+00
1.922914152509147545e-01 9.987359571128117119e-01 1.000000000000000000e+00
3.488067420222334958e-01 6.124447463622173515e-01 1.000000000000000000e+00
5.239529909471949409e-01 3.378479068615670711e-01 1.000000000000000000e+00
2.419096551811563689e-01 8.447495811088603368e-01 1.000000000000000000e+00
6.126934582467603585e-01 6.692987539932124808e-01 1.000000000000000000e+00
4.026085781157572319e-01 1.639757813316118362e-01 1.000000000000000000e+00
9.475155529236369834e-01 3.513575791874115062e-01 1.000000000000000000e+00
3.203134587833922353e-01 1.051929820269633664e-01 1.000000000000000000e+00
6.434533178469844517e-01 3.367818479544163468e-01 1.000000000000000000e+00
5.534674711520882751e-01 5.757335472972663348e-01 1.000000000000000000e+00
7.935788650402697542e-01 5.167582248750931528e-01 1.000000000000000000e+00
9.165555380253570528e-01 3.528747758177380733e-01 1.000000000000000000e+00
8.419423353481407801e-01 3.100212531985252484e-01 1.000000000000000000e+00
3.240456103730267046e-01 9.815339690969937525e-02 1.000000000000000000e+00
5.797131384741104343e-01 3.301945282084132183e-01 1.000000000000000000e+00
3.194940427572560138e-01 9.415031364131654090e-01 1.000000000000000000e+00
6.742698810378033869e-01 9.571145679708026321e-01 1.000000000000000000e+00
8.699437993290426441e-02 1.117405144905144754e-01 0.000000000000000000e+00
9.573643536771158091e-01 4.514423505329666630e-01 1.000000000000000000e+00
2.417921118571012551e-01 9.603309712209306959e-02 1.000000000000000000e+00
3.867645560770115454e-01 7.858387501532811958e-01 1.000000000000000000e+00
1.432592346542429507e-01 9.625655248186592017e-01 1.000000000000000000e+00
7.918682611399655569e-01 7.212385766252431551e-01 1.000000000000000000e+00
2.776525124811917156e-01 2.448901910082996736e-01 1.000000000000000000e+00
3.143799058216484310e-01 3.616090330884257353e-01 1.000000000000000000e+00
2.511946052140046071e-02 2.808549977804245534e-01 0.000000000000000000e+00
1.851353886016660066e-01 2.822119582572074625e-01 0.000000000000000000e+00
7.588974219967089541e-01 5.761577631066708838e-01 1.000000000000000000e+00
8.322987570920252764e-01 5.788379721062106853e-01 1.000000000000000000e+00
6.996992502627111810e-01 1.288985822551340643e-01 1.000000000000000000e+00
6.659278041817762173e-03 8.953441145524309031e-01 1.000000000000000000e+00
6.802897323746225355e-01 4.252344381458043054e-01 1.000000000000000000e+00
1.242693386394883026e-01 5.213499790235845976e-01 1.000000000000000000e+00
4.335431054998791778e-01 8.798667908866696363e-01 1.000000000000000000e+00
5.151852632399310794e-01 1.120245576463427817e-01 1.000000000000000000e+00
8.336720919206331848e-01 1.617861682674914814e-02 1.000000000000000000e+00
5.783628589328917435e-01 5.534660806620818052e-01 1.000000000000000000e+00
3.147791653626097474e-02 7.634948541541873857e-01 0.000000000000000000e+00
5.768365058354979480e-01 4.940413413567079637e-01 1.000000000000000000e+00
2.453729592115789782e-01 7.565686564871445530e-01 1.000000000000000000e+00
1.936619609246236218e-01 6.217763309862226473e-01 1.000000000000000000e+00
5.741545842792203924e-01 1.223707662181335865e-01 1.000000000000000000e+00
9.502227627241932595e-02 3.877533895444865708e-01 0.000000000000000000e+00
1.976780118325398572e-01 8.344271638519673573e-02 0.000000000000000000e+00
7.946782786174791946e-01 5.138946827154892150e-01 1.000000000000000000e+00
6.701829320815583246e-01 8.638092466044366979e-01 1.000000000000000000e+00
2.891031564414159316e-01 2.202921868797461658e-01 1.000000000000000000e+00
4.109132241699197108e-01 3.310171620868778142e-01 1.000000000000000000e+00
1.652243909232854469e-01 9.630260387149187640e-01 1.000000000000000000e+00
9.057557923649556253e-01 3.673280435656610665e-01 1.000000000000000000e+00
7.033336187952394791e-01 3.818217895225417546e-02 1.000000000000000000e+00
1.838256876726994671e-01 4.436862847927725007e-02 0.000000000000000000e+00
9.863128010186007488e-01 8.393161685118811777e-01 1.000000000000000000e+00
7.913570844151489592e-01 1.297761583106754602e-01 1.000000000000000000e+00
1.922207611069995936e-01 6.769543062048305471e-01 1.000000000000000000e+00
2.602367077728754419e-01 7.953978107440042855e-01 1.000000000000000000e+00
2.561503092741904686e-01 7.162643916460641469e-01 1.000000000000000000e+00
7.667122730844846412e-01 2.656840378174535333e-01 1.000000000000000000e+00
9.548547543813760141e-01 7.181432916993750748e-01 1.000000000000000000e+00
6.068868972938071815e-01 2.158543273129402973e-01 1.000000000000000000e+00
5.694466426048614416e-01 9.813729389415248860e-02 1.000000000000000000e+00
5.421251472125614423e-01 1.928637390043607125e-01 1.000000000000000000e+00
8.450063210705625050e-01 5.813128734824101196e-01 1.000000000000000000e+00
6.937851563008060607e-01 6.707729204303793935e-01 1.000000000000000000e+00
8.093015998279302625e-01 9.713363605738959405e-01 1.000000000000000000e+00
6.868029855034236686e-01 2.151072858137137445e-01 1.000000000000000000e+00
9.118608471631017842e-02 2.127777847793255184e-02 0.000000000000000000e+00
5.335774868104641300e-01 3.722339728791346225e-01 1.000000000000000000e+00
6.907145514676769071e-01 4.018002061169744232e-01 1.000000000000000000e+00
6.995830442450321485e-01 9.548065687444283745e-01 1.000000000000000000e+00
5.187381124266814414e-01 2.174536023092826786e-01 1.000000000000000000e+00
6.457848808092322423e-01 5.877008751781221951e-01 1.000000000000000000e+00
5.497671055192833167e-01 1.050367705418678854e-01 1.000000000000000000e+00
6.822757093929097127e-01 5.394071544141459951e-01 1.000000000000000000e+00
5.030712586443614187e-01 5.695805707401272455e-01 1.000000000000000000e+00
5.205952323341523913e-01 3.432839032981670480e-01 1.000000000000000000e+00
4.425679848660850624e-01 7.104869142083598543e-01 1.000000000000000000e+00
8.070777381862560551e-01 9.311209150696665438e-01 1.000000000000000000e+00
3.052607298785592338e-01 5.614488185829182854e-01 1.000000000000000000e+00
1.131689725648264977e-01 4.551027270835693583e-01 0.000000000000000000e+00
9.731996573489082314e-01 1.570111050072626746e-01 1.000000000000000000e+00
8.692121859213609580e-01 4.773739748866191457e-01 1.000000000000000000e+00
6.880674360519988264e-01 7.634688936197481235e-01 1.000000000000000000e+00
3.342824126298871157e-02 2.648687284007061882e-01 0.000000000000000000e+00
9.054298882553379890e-01 6.170964150614263177e-01 1.000000000000000000e+00
7.272833218241314679e-02 9.654509142266163302e-01 1.000000000000000000e+00
3.933753026931532393e-01 6.128223979832181367e-01 1.000000000000000000e+00
5.357999281595754448e-01 8.666067297481937493e-01 1.000000000000000000e+00
2.403209060149388288e-01 7.728954309053086558e-01 1.000000000000000000e+00
8.909715500767878549e-01 9.933613627856052730e-03 1.000000000000000000e+00
7.352073868466253437e-01 5.943129998343700260e-01 1.000000000000000000e+00
5.328560577633122408e-01 1.625893878985936736e-01 1.000000000000000000e+00
5.556307811932100771e-01 6.952924395858293138e-01 1.000000000000000000e+00
6.070315349736736810e-01 7.960075672498768684e-01 1.000000000000000000e+00
1.479630562104420344e-01 1.683083189317413630e-02 0.000000000000000000e+00
6.910022659374148724e-02 3.511178372781289525e-01 0.000000000000000000e+00
2.542910418082475754e-01 9.811016792159633626e-01 1.000000000000000000e+00
9.941713167932673123e-01 9.529070951033435932e-02 1.000000000000000000e+00
9.703589507794034841e-01 3.209122611960791849e-01 1.000000000000000000e+00
2.631344607638601563e-01 8.459931461795187069e-01 1.000000000000000000e+00
9.444479348281683562e-01 6.879213229570261268e-01 1.000000000000000000e+00
1.086325252864518004e-01 6.467300428372714238e-01 0.000000000000000000e+00
1.849059686239184486e-01 3.751527557716766159e-01 0.000000000000000000e+00
1.541766240362367202e-01 7.344675251087174894e-01 1.000000000000000000e+00
2.615261767051396680e-02 7.814855062207328729e-01 1.000000000000000000e+00
1.333690578963475371e-01 4.223135783625193707e-01 1.000000000000000000e+00
2.601160405298021949e-01 3.532619727599504988e-02 0.000000000000000000e+00
1.911716393815700299e-01 7.256390175289275657e-01 1.000000000000000000e+00
1.141545327230323870e-01 6.807737114927506772e-01 0.000000000000000000e+00
1.896075552542376697e-01 3.682693972605330934e-01 1.000000000000000000e+00
2.993430657376183746e-01 3.965989763766856330e-02 1.000000000000000000e+00
1.142460953911507149e-01 7.105428359534649019e-01 1.000000000000000000e+00
2.086046352281511196e-01 4.670337421561433500e-01 1.000000000000000000e+00
8.581164678267433343e-02 6.512612182242549785e-01 0.000000000000000000e+00
7.481435349512421430e-03 1.081736364235386993e+00 1.000000000000000000e+00
5.369223401566327464e-02 1.285211419931697741e+00 1.000000000000000000e+00
1.376504430104343313e-01 2.700204404432752781e-01 0.000000000000000000e+00
1.785939375378830518e-01 4.097702104134547940e-01 1.000000000000000000e+00
5.979810121282827517e-02 8.155606376084124642e-01 1.000000000000000000e+00
2.188493932321098623e-01 8.063769572281068720e-01 1.000000000000000000e+00
2.204979629939692598e-01 3.570724306394622016e-01 1.000000000000000000e+00
2.031629659499022411e-01 2.341734187240996357e-01 1.000000000000000000e+00
2.414332429020230320e-01 4.430755099154043419e-01 1.000000000000000000e+00
2.064929955173447074e-01 1.726555980398643830e-01 0.000000000000000000e+00
2.076344419860592649e-01 1.725730166910932895e-01 0.000000000000000000e+00
4.938102692646395737e-03 6.268067314851089034e-01 0.000000000000000000e+00
5.632847093100203789e-02 1.053194284489521682e+00 1.000000000000000000e+00
2.944105485429804880e-01 9.086552880012244149e-02 1.000000000000000000e+00
3.214888946721092960e-02 1.050795673821690368e+00 1.000000000000000000e+00
8.596413070832950587e-02 5.711275563954855139e-01 1.000000000000000000e+00
2.214138416011996735e-01 5.309747180310961934e-01 1.000000000000000000e+00
2.357842389043111608e-01 1.218947005274949591e-01 1.000000000000000000e+00
2.755053266128693057e-01 4.875360944013611142e-02 0.000000000000000000e+00
2.709930822124865801e-01 7.938841844927028990e-02 0.000000000000000000e+00
3.040068942618871783e-02 9.185412328171136398e-01 0.000000000000000000e+00
2.317028819144413276e-01 2.637785234142401292e-01 1.000000000000000000e+00
5.636377026624199427e-02 6.934169165347979780e-01 1.000000000000000000e+00
1.166652722792371616e-01 7.211991470459278020e-02 0.000000000000000000e+00
4.299270575727572735e-02 8.021756749103057249e-01 0.000000000000000000e+00
1.995383128457929311e-01 1.751118972618391778e-01 1.000000000000000000e+00
7.863590812481623810e-03 1.040589426682010821e+00 1.000000000000000000e+00
2.843938605404213726e-01 1.328119652486504654e-01 0.000000000000000000e+00
2.164208973586157769e-01 2.805194830263501582e-01 1.000000000000000000e+00
1.494329075303624521e-01 7.177928965297952768e-01 1.000000000000000000e+00
2.218058061856832963e-01 9.909414914754990922e-02 0.000000000000000000e+00
2.494877771991664273e-01 4.323846662446296230e-01 1.000000000000000000e+00
1.424858163895554031e-01 3.393831241257898590e-01 0.000000000000000000e+00
1.201043193829826744e-01 3.056097789000210563e-01 0.000000000000000000e+00
8.148988100976121973e-02 9.873045419450724447e-01 1.000000000000000000e+00
1.556891563608404361e-01 4.236468462593792061e-01 0.000000000000000000e+00
7.840187527092216946e-02 9.400354828841074317e-01 0.000000000000000000e+00
7.978733621350742045e-02 5.123307543023535304e-01 0.000000000000000000e+00
1.548334509720740437e-01 2.232916875159368097e-01 0.000000000000000000e+00
1.102349585850988106e-01 5.114221146128964390e-01 0.000000000000000000e+00
1.838473870024592005e-01 2.397729341210752263e-01 0.000000000000000000e+00
1.062961917682775509e-01 6.367539281768032078e-01 0.000000000000000000e+00
2.599863713938879717e-01 5.708375217520128553e-02 0.000000000000000000e+00
2.894788711331642769e-02 7.332992242101735725e-01 0.000000000000000000e+00
5.571977232196173579e-02 8.255062419561700615e-01 1.000000000000000000e+00
5.661878909366935275e-02 8.665337098804066773e-01 1.000000000000000000e+00
9.221976684379545874e-02 5.774300655770442381e-01 0.000000000000000000e+00
4.633750528390179202e-02 6.959893269973292940e-01 0.000000000000000000e+00
2.687144498920579494e-02 9.363101917557873355e-01 1.000000000000000000e+00
1.693878195897588826e-02 6.986852589940815150e-01 0.000000000000000000e+00
1.477286438310809746e-01 6.933702822859892922e-01 1.000000000000000000e+00
1.601891695490408329e-01 8.002582440136724040e-02 0.000000000000000000e+00
1.798480947090511373e-01 6.713378709938779831e-01 1.000000000000000000e+00
2.822872426385747979e-01 9.315912127421738242e-02 0.000000000000000000e+00
2.286474229063510388e-01 2.289817239654947101e-01 0.000000000000000000e+00
4.143596421659216655e-02 7.446575175658700640e-01 0.000000000000000000e+00
2.500199508359721157e-01 5.497822568202179738e-01 1.000000000000000000e+00
1.860656878086152377e-01 3.588340362739191880e-01 1.000000000000000000e+00
2.938185322414217926e-01 2.125320895050537284e-01 1.000000000000000000e+00
2.880019528798427597e-01 1.311645648316910329e-01 1.000000000000000000e+00
1.997561912588175989e-02 1.137940940891811747e+00 0.000000000000000000e+00
2.664933654347320657e-01 1.443421693689150576e-01 1.000000000000000000e+00
1.380013002105932307e-01 7.438361638198004444e-02 0.000000000000000000e+00
