7.894736842105263275e-01 9.797986252962624931e+00
1.578947368421052544e-01 1.000223590921189754e+01
2.105263157894736725e-01 1.017680945444470986e+01
5.789473684210526550e-01 9.825341473224529665e+00
5.263157894736841813e-02 9.661180301770336598e+00
7.368421052631578538e-01 9.821506862493208700e+00
4.736842105263157632e-01 1.002637939408494105e+01
9.473684210526315264e-01 1.037667229886056219e+01
1.052631578947368363e-01 9.989042879299445232e+00
2.631578947368420907e-01 1.032591252789765157e+01
0.000000000000000000e+00 9.481171473396853955e+00
3.684210526315789269e-01 1.026951736626771172e+01
4.210526315789473450e-01 1.005492468086686131e+01
1.000000000000000000e+00 1.047704998930623255e+01
8.421052631578946901e-01 9.755738658166798416e+00
5.263157894736841813e-01 9.950296544254449316e+00
6.315789473684210176e-01 9.674093071033945890e+00
3.157894736842105088e-01 1.039171262467587376e+01
6.842105263157893802e-01 9.695176669147265613e+00
8.947368421052630527e-01 9.887830795108603965e+00
