1.080948633750187682e+00
1.195562987765741436e+00
1.076189285579873589e+00
1.199462128391822757e+00
9.144191744201880523e-01
1.287122129598894604e+00
1.204922970016481631e+00
1.294705983757471035e+00
1.261887467674470020e+00
1.016243055339083101e+00
1.205589361286653283e+00
1.244433502732233965e+00
1.204472117346208515e+00
1.100416430212817875e+00
1.133025224838752898e+00
7.800590829931126624e-01
1.182917692666732190e+00
1.067893710537748397e+00
1.046869632190739363e+00
1.142167978068654000e+00
9.203268235467856329e-01
1.346111322505378904e+00
1.151780404441437700e+00
1.189945011216617665e+00
1.138395983198382089e+00
9.138316557393422190e-01
1.316441392197319038e+00
1.236792376681574268e+00
1.129130545326529012e+00
9.610381969062710139e-01
8.672650440171971731e-01
1.113590627674711397e+00
1.074030485955231207e+00
1.158849128857279309e+00
1.145499452181397704e+00
1.324977695880965811e+00
7.662721766127588152e-01
1.231377847352516319e+00
9.925693954357570625e-01
1.158612059357914115e+00
1.074691011448441369e+00
1.160668938579264120e+00
1.162602844691948079e+00
1.297209751676556388e+00
1.159263620744385159e+00
1.184418172242868827e+00
1.183889895434766970e+00
1.040796597149934444e+00
1.282541161262906071e+00
1.272097144600291552e+00
1.255666440282252827e+00
9.549295798887550424e-01
1.258129913457702420e+00
9.676190340534127632e-01
1.120820343523247331e+00
1.193712345294516197e+00
1.249560514192922689e+00
1.136337034220860298e+00
1.095048325743112283e+00
1.163041775697430502e+00
9.728023653425378336e-01
1.143180670765907569e+00
1.128006184481153529e+00
1.119631327493154638e+00
1.034056338657202589e+00
1.297705765419963075e+00
1.227860125213863007e+00
9.632130083180325819e-01
1.125591401616456544e+00
1.244595164970861978e+00
9.762937342777501248e-01
1.055037864886335219e+00
7.064653891152561371e-01
1.055315935301978092e+00
1.130335962961588780e+00
1.058507305458749270e+00
8.901157251758191613e-01
1.107000586893480465e+00
1.235049862265308995e+00
1.347501965018180980e+00
1.119791234005817371e+00
1.118203093818318727e+00
1.174892768493649209e+00
1.018046015469636467e+00
7.525022811166953707e-01
1.277210849196381615e+00
9.348981449076956274e-01
1.233355931428323338e+00
1.161688489918659695e+00
1.192582481585976684e+00
1.042870084290569377e+00
1.226877813590806943e+00
1.176981000106004593e+00
1.121566192164991538e+00
1.144020354177247789e+00
1.259278071951186906e+00
7.580735560909215298e-01
1.199535314196485292e+00
9.449934814905029956e-01
9.968455130677378317e-01
1.194715030905014963e+00
7.856087291260415162e-01
1.186037689038612841e+00
1.263266903535802621e+00
8.865303208788373190e-01
9.445241568754783046e-01
8.584576626556117418e-01
7.284887984656595039e-01
1.179121528091023219e+00
1.137021898317014390e+00
1.335496641041656662e+00
6.326799858126311848e-01
1.308811882091439616e+00
1.150496758857870061e+00
1.227871179744361996e+00
1.145563730246858203e+00
1.002764731023606970e+00
1.095345858090273516e+00
1.274958825762494863e+00
1.240351505083482131e+00
1.385606674022128892e+00
1.256937805638710159e+00
1.214070423812303678e+00
1.091082020827985444e+00
5.848257049772517258e-01
1.126962968360085249e+00
1.172581330414975698e+00
9.361363867671312899e-01
1.202763436674433528e+00
1.052073908288722937e+00
1.030860036506218380e+00
1.266243137454569512e+00
1.161760486516234980e+00
1.142801685666956502e+00
1.094665193734167152e+00
9.558646507601398223e-01
1.212915992278134958e+00
1.275301552353521828e+00
1.268619378814909826e+00
9.902739785462497668e-01
8.549745473409311458e-01
1.294923994006397683e+00
9.341539018143248940e-01
8.835101061899754971e-01
1.197286520828003242e+00
1.237766939504898023e+00
1.082296983770924870e+00
1.301584316529373453e+00
1.270326087828636652e+00
1.246064435026339456e+00
9.718660504584688553e-01
1.294744422530569983e+00
9.858768923637226678e-01
1.201061538776070137e+00
1.245250498850271503e+00
7.857709577792226785e-01
1.006417981577677700e+00
1.099353352910141357e+00
1.262541203935339640e+00
9.408414310243569112e-01
1.139321179318798061e+00
1.257444219417814590e+00
1.161347755179496177e+00
1.305091692914605028e+00
9.622885330538646365e-01
1.215062201891621507e+00
1.149085543353877359e+00
1.073825278516452819e+00
1.238117614031469360e+00
1.006544991811565648e+00
1.197476446647484538e+00
1.215312331862384188e+00
1.078767129267798719e+00
1.072847499031448493e+00
9.579733883966461416e-01
1.253375615449590308e+00
1.174128027645690686e+00
1.275268974480227024e+00
8.984002407775958376e-01
7.620425200945696309e-01
1.119703709408980341e+00
1.037230453090982607e+00
1.152305563884314044e+00
1.063547511667296996e+00
1.324281441131138326e+00
1.194028474630671965e+00
1.138332059327329171e+00
5.453180141053486363e-01
1.192233137902251272e+00
8.106749016861807267e-01
1.303680497531934934e+00
1.202524094515389885e+00
9.271169791324798126e-01
9.692719988849083368e-01
1.208337841804213664e+00
8.588940201817976128e-01
1.176557375588598520e+00
1.070291359966816014e+00
1.325203911198662432e+00
1.010584511934982332e+00
1.082244201726143329e+00
1.158291507676902032e+00
9.647115928537606244e-01
1.244282565481624969e+00
1.154266989217667350e+00
7.726302226216339442e-01
1.207525247811495062e+00
9.225585888008819291e-01
1.136706994228341872e+00
1.315174437232777604e+00
1.288995939536513591e+00
1.133912350761145271e+00
1.306557479411692979e+00
1.099598301034610648e+00
7.871067978485006833e-01
1.195680203858581203e+00
1.160702243395958844e+00
1.315911295815574755e+00
1.069646455156303855e+00
1.252925099178966883e+00
1.235716849052492128e+00
1.164257645688556053e+00
1.013809336387965887e+00
1.084612783465745967e+00
1.242352138499466907e+00
1.413675497622630228e+00
1.000124928737909036e+00
1.114910671513612117e+00
1.124151312177413597e+00
1.079965495798462349e+00
6.995808677447750146e-01
1.332244850850830442e+00
7.662629074178946009e-01
1.153161582709023580e+00
1.167920683346436173e+00
1.164141265610993514e+00
8.509908095263478689e-01
1.245053688829382388e+00
1.146705369629373639e+00
1.281614718364463723e+00
9.142527330790650719e-01
8.642029217967119870e-01
1.121881935559095878e+00
1.270000095502550330e+00
9.387472784265283865e-01
1.191275955263499498e+00
7.116684932091569271e-01
1.137006526086671077e+00
1.136393074532502823e+00
1.291622610286703665e+00
1.044708526687483596e+00
1.194327856062289861e+00
1.175720388896646984e+00
9.306961536365920828e-01
9.760712674655602772e-01
1.290952294710448589e+00
1.310450985391599987e+00
1.186873480892705501e+00
9.729146672962001308e-01
1.246577554777793306e+00
1.188623619375367424e+00
8.211265184302006803e-01
1.217098927139588893e+00
1.239755328654965183e+00
1.140112160140423825e+00
1.244275528250177398e+00
1.038730378026426759e+00
1.174991307635215199e+00
9.300941324669395049e-01
6.886791382940350426e-01
1.095360524413772074e+00
1.282147710285271414e+00
1.213160403552198341e+00
1.128941367910877958e+00
1.245055662530802909e+00
1.203805985491923858e+00
9.420630011995652087e-01
1.075974512882245993e+00
1.186310068663398942e+00
1.175414731595139761e+00
1.142226648847976644e+00
8.280710155897680336e-01
1.283253310400571889e+00
1.095363045986186723e+00
1.329418583557870681e+00
1.266024491673961583e+00
1.103520779365330107e+00
1.169037515931879767e+00
1.181197974757209668e+00
7.469423898452006716e-01
1.231437166065838307e+00
1.217990091350216852e+00
1.153289303518510778e+00
1.250144375066430502e+00
6.972217339265789349e-01
1.131503942625059045e+00
1.273981719030939042e+00
1.067412054658120724e+00
1.224422461120385996e+00
1.120897101139898933e+00
1.107325939085456401e+00
1.265690446847410611e+00
1.073866429446568516e+00
1.228682454256339263e+00
1.025277081713255711e+00
1.066049440487147226e+00
9.216846031344463341e-01
7.817576819111043962e-01
1.276978766180385527e+00
1.117336577957562360e+00
1.372824285421204493e+00
1.333163330073309671e+00
1.251889206268822496e+00
1.270302226105521903e+00
1.071177876332913170e+00
1.239508160895923528e+00
1.255332632319979602e+00
5.493683157718692867e-01
1.166393461240996299e+00
1.179953921387699944e+00
8.795748454484746404e-01
1.226919423799442965e+00
1.086121880816226959e+00
1.067816909710031625e+00
1.215212720735777685e+00
1.264642538417942719e+00
1.153181727139693358e+00
1.161108829981224000e+00
1.240372545949028904e+00
1.312368964423612505e+00
1.181528852554995401e+00
1.175928968121952023e+00
1.223665832324038361e+00
1.202473190738073239e+00
9.532007731180089927e-01
1.276656649121660214e+00
1.268876073041654173e+00
1.179141821950603797e+00
1.008813707056935849e+00
1.251965876570322322e+00
1.164633295320505635e+00
1.265552364965508714e+00
1.128198805693118700e+00
1.273778743441207562e+00
1.183837121982907803e+00
7.011208953487080286e-01
9.820001582211403957e-01
1.099959136684498962e+00
1.301348278540823689e+00
1.223472846069468822e+00
1.008539143865039067e+00
7.683793606235307383e-01
1.153699282268481952e+00
1.172120387258377638e+00
1.134201570073316789e+00
1.200351972447942339e+00
1.098478748753967782e+00
1.287827414127865167e+00
1.049692179467149655e+00
1.161323851734082480e+00
1.269642076993847679e+00
1.003810180518543760e+00
7.895882027517324708e-01
8.816459564913085023e-01
1.106374158477090752e+00
1.232264283077647349e+00
7.749848528091981548e-01
1.322646424943253907e+00
8.862186142476096151e-01
1.369792465368594003e+00
1.117506293214543867e+00
1.185149881855670051e+00
1.098875876254377548e+00
9.919478658905074298e-01
1.359230257721604440e+00
1.210387247453549531e+00
1.157879953733772949e+00
1.012812171171476372e+00
1.263005895175630888e+00
8.777273494529466147e-01
6.025013536099187439e-01
9.673922871395896905e-01
1.185452969884661867e+00
1.246015426406372084e+00
1.256517833033560461e+00
1.000851225247870513e+00
9.473211886389204528e-01
1.235873325683931379e+00
9.907533751949939571e-01
1.075608648555846703e+00
1.040307674141334848e+00
1.276897310009616371e+00
1.279649556958650125e+00
9.531542268639962012e-01
1.175183631475719581e+00
6.601667967738751308e-01
1.224607178183347189e+00
1.173625703735396320e+00
1.158079647598518669e+00
9.463558138229117844e-01
1.187254102680062706e+00
1.306524699313037274e+00
1.210206234034329364e+00
1.078637132364615780e+00
8.753840244803988702e-01
1.111057924033967526e+00
1.212061151471376164e+00
9.763473113739753462e-01
1.329040174642627470e+00
1.049435535327479130e+00
9.804937232439253636e-01
1.095898347368629011e+00
1.232279474749130577e+00
1.207740443786763151e+00
1.229627985087745623e+00
1.242757932132698473e+00
1.181761258636329082e+00
1.311136344939641152e+00
7.662617892546592646e-01
1.129768351165673979e+00
1.335413463366384113e+00
9.347855677042369305e-01
1.190347018927492950e+00
8.626791951637149403e-01
1.132245031808973623e+00
1.261109719548384467e+00
1.203866548739994435e+00
6.530007693905313104e-01
1.299759659521002808e+00
1.287660007864437350e+00
1.238800831503772182e+00
1.164289277323009131e+00
8.824185414316995102e-01
1.309687880746912558e+00
1.029803600342711567e+00
8.184809893127540370e-01
1.315270882012752329e+00
1.240514998984892925e+00
1.017545324639122173e+00
1.214664532424533983e+00
1.106712388858229090e+00
1.210330678065586696e+00
9.358113267305609995e-01
1.027362009950659072e+00
1.321415431720396993e+00
1.089148562774854279e+00
1.013230533187469584e+00
6.844252955494397606e-01
1.282515050562698766e+00
8.523681083808314352e-01
1.096323434705991362e+00
1.328010679214300271e+00
1.142259429045300312e+00
1.153083077288671321e+00
1.215384525955254036e+00
1.267547699352075119e+00
1.220523304273004372e+00
1.104697708551130253e+00
1.121213149274134846e+00
9.962844811916169441e-01
1.092627433749990606e+00
1.156953753238840976e+00
1.258383743784742714e+00
1.152307527440429524e+00
1.190783557991774932e+00
1.082483292456976054e+00
1.192116115372408913e+00
1.254471299076074908e+00
7.781270050584778719e-01
1.098872177708287046e+00
7.836236771843184679e-01
1.377217153804103589e+00
8.684240735225332575e-01
9.877039709180180926e-01
1.157541214765086091e+00
1.161512907110806125e+00
1.347720975794217901e+00
1.046451891664562872e+00
1.189357923340871537e+00
1.173036198056907509e+00
1.069756708963016667e+00
9.544851604163219205e-01
1.080331718352223636e+00
1.318203627997623695e+00
1.239157027206265749e+00
1.215193928573388593e+00
1.079288278376495658e+00
1.131942836357218596e+00
1.151065459007585945e+00
8.900836421400156739e-01
1.269999067421905048e+00
1.336518946061044488e+00
1.291550714063694816e+00
1.157290926196748559e+00
9.970048399739220857e-01
9.686445571084960626e-01
1.354382813534727781e+00
1.158035384901983322e+00
1.244649996780083256e+00
1.004259663630058697e+00
1.183188630569467437e+00
8.654428694379644460e-01
1.165068835696917660e+00
1.040931395385880975e+00
1.306676976955172931e+00
8.918230750452198485e-01
7.618968479300503027e-01
1.301875122020498043e+00
9.497118832405520017e-01
1.102590011019350058e+00
1.021182015974943180e+00
1.265595433402172842e+00
8.720347005622675063e-01
1.208895874659784653e+00
1.302146859474506035e+00
1.256671205401516778e+00
1.313473297787144833e+00
8.576904594890377709e-01
8.837422631821935104e-01
1.249067606428970745e+00
1.171547410316039040e+00
7.135289228176732168e-01
1.051625574784030182e+00
1.103630386304355504e+00
1.241497319131253718e+00
1.131194790069946610e+00
1.069929828676302819e+00
1.003374244344592547e+00
1.033869376768887349e+00
8.064207220731093306e-01
8.994718597951094630e-01
8.822048591645893501e-01
1.277304295429073866e+00
1.101894219427064447e+00
9.942776459807914913e-01
9.156230184180205178e-01
1.252724841904947706e+00
1.059543121351971706e+00
8.969951535831705014e-01
1.166454410271765330e+00
1.306840705869299235e+00
1.034349304720423524e+00
1.230792136142885740e+00
1.163260637255428165e+00
9.763062859114891578e-01
1.011732672839378733e+00
1.165757850524179240e+00
1.157587224881944321e+00
1.078705983423343007e+00
8.383865212060945815e-01
1.250502204701703590e+00
1.015154442748309238e+00
1.048331880706660613e+00
1.302956954650340338e+00
1.256457005988066422e+00
1.160407294392476807e+00
1.065674786350650383e+00
8.985747156465815344e-01
1.292698612209018272e+00
8.345831653978278419e-01
9.223052724737672570e-01
1.244828926983717388e+00
9.363561961809419021e-01
1.079007895545023965e+00
9.971247475752458289e-01
1.280618513620074062e+00
1.322929715231216052e+00
1.299613673939681524e+00
1.205837247380501021e+00
1.356675067357399733e+00
1.040253157538528761e+00
8.425726715510994946e-01
1.218334415126261172e+00
1.046293013893597967e+00
1.083615956697504989e+00
9.646405893107783402e-01
1.206612308539436240e+00
1.108143702777657502e+00
1.224414409105054391e+00
1.056511297646346215e+00
1.157191263215903820e+00
1.168198541096018062e+00
9.314258302586144733e-01
1.090616605033418285e+00
1.030470492232488544e+00
1.050299128046951580e+00
1.219829230737781600e+00
1.169546693237028423e+00
1.264096871299593472e+00
1.268935163352016948e+00
1.193523888005996625e+00
9.602380222931746756e-01
1.077445891771891651e+00
1.212700108378202524e+00
1.172108733768066902e+00
1.062952038503996999e+00
1.226433016270692899e+00
1.101997966612402902e+00
1.258365747488580100e+00
7.680794466161526834e-01
1.214581886071104622e+00
1.153007573392314855e+00
1.170588497869761158e+00
1.026214067855139467e+00
1.154314382649414661e+00
1.155331277661242106e+00
1.220504305716118454e+00
9.055427334567933695e-01
1.123958141415799306e+00
1.084797045084404887e+00
1.202007490924556610e+00
1.207099844485326923e+00
1.043484401548335772e+00
1.190704949122664447e+00
1.289309136564704694e+00
1.323318135958772013e+00
9.760544328064235664e-01
1.009133647203265927e+00
5.866731972585289556e-01
1.339040861766379154e+00
8.874230690762927587e-01
1.298008318800425664e+00
8.870718705181350749e-01
1.222523447232300775e+00
1.060007308998582420e+00
1.172309720118647647e+00
1.228100554992391791e+00
1.002120763282214444e+00
9.480776392000738184e-01
7.269183257121996089e-01
1.013878965499825480e+00
1.045543365433619698e+00
1.028301535838231029e+00
1.298393794308465132e+00
9.905122678159321570e-01
1.200886743927537470e+00
9.375310679255128843e-01
1.186109872984048241e+00
1.217604394819999269e+00
9.192238510604413548e-01
1.116260332022614543e+00
1.144757491983685149e+00
9.793797601273686038e-01
6.807076523319723904e-01
1.197339194863371148e+00
1.070988391809593265e+00
1.197142766357128796e+00
1.105732422430493633e+00
1.216580450170848149e+00
1.304893948369168610e+00
1.029800904984580434e+00
1.347037519464451938e+00
1.164682693190070673e+00
1.259889269736672146e+00
9.987213049848413515e-01
8.243982190020122669e-01
9.791221267810363837e-01
1.052689440249545250e+00
1.144232036264169805e+00
1.255855091646041144e+00
9.937231426658124089e-01
9.681001466011710521e-01
1.056474317967418974e+00
8.358112296394448748e-01
1.138706005359320539e+00
1.274424845502297954e+00
1.117439838140283692e+00
1.239084149476305408e+00
1.169952309364343801e+00
7.839414873456784782e-01
1.122602545800231555e+00
1.178687649520268055e+00
1.167058467503550467e+00
9.096653357345344526e-01
9.043616181822791145e-01
1.136370509391452899e+00
1.271532547348942277e+00
1.072484945893111385e+00
1.130870253920627233e+00
1.070328846069151574e+00
1.117983690349753090e+00
1.017734802555877671e+00
1.108801962654802686e+00
9.732438847886124567e-01
9.980377816665797486e-01
1.179322579575915242e+00
1.167710355938179179e+00
1.157446732210175355e+00
1.279245196634936965e+00
1.070112091276007815e+00
1.285437281777932483e+00
1.141031286084971619e+00
1.256527197687722808e+00
9.760831016099775770e-01
1.029083397646629816e+00
1.022430797279990866e+00
1.233266096882883023e+00
1.028285883654990185e+00
9.978841160306983760e-01
1.202982388511813605e+00
1.178557980468425859e+00
1.196378710775195309e+00
1.283063483997492371e+00
1.207167040233005473e+00
9.772597270445586570e-01
9.024322892622311798e-01
1.287339123125786688e+00
1.098956297324471754e+00
1.184051243233606998e+00
1.193324718690000452e+00
1.178797006338861530e+00
1.207269539484773446e+00
1.292748084923690088e+00
1.100157710798364885e+00
1.290118804205828695e+00
1.084392602886394830e+00
1.118801863150629350e+00
9.668956699426956014e-01
9.748324091907838440e-01
1.204475341583837844e+00
1.216180430596064843e+00
1.211568715479516056e+00
1.381813324398727838e+00
9.568475622470485886e-01
9.834748753806019650e-01
8.751885429559816965e-01
8.896094120583584175e-01
1.290162308878162634e+00
9.729837000494780952e-01
1.041841527139435675e+00
1.173842521162390629e+00
1.033815246786538244e+00
8.893047015285056034e-01
1.076869966058760841e+00
1.089016216960950301e+00
1.021590669133648932e+00
5.278966191895273496e-01
1.139208210069080796e+00
6.771338480515349811e-01
9.055336443135242330e-01
1.173838633146415678e+00
1.204696886926841293e+00
1.312677655158182688e+00
1.142299279761661346e+00
1.212048944016692165e+00
6.893787464306784241e-01
1.101105320554789158e+00
9.610859944730311133e-01
1.228669414087808276e+00
1.181248109236122446e+00
1.188267970577230326e+00
1.096841290961296345e+00
1.152856101598956462e+00
8.539688046792759391e-01
1.020383330127812016e+00
1.086907056338291655e+00
9.393000147289610746e-01
1.057661565753717392e+00
7.453596118167836737e-01
1.255071472813669820e+00
1.312340036342039218e+00
1.119343001657509884e+00
1.012873723903440215e+00
1.162170562248721728e+00
1.058461337678176406e+00
7.797609396183431407e-01
1.226756180045270428e+00
1.279786155223837874e+00
1.101887945059030871e+00
1.114807198192478088e+00
8.369297191626092758e-01
9.717548050637727641e-01
1.083611853305539885e+00
1.135806375583375161e+00
1.205090460985537071e+00
1.041712136914003439e+00
1.075521516233826080e+00
9.207713400190631337e-01
1.030753496436965788e+00
1.264464927147154416e+00
1.228110612123070933e+00
1.086940689255006420e+00
1.172874073128573835e+00
9.650174328272465019e-01
1.241616043049492912e+00
1.087923195637877205e+00
7.070175643817565581e-01
1.043417863740940144e+00
1.155728599251882205e+00
1.093783263314650922e+00
1.142618601126671019e+00
9.695052900997319645e-01
1.185084494574487834e+00
1.099424699684046658e+00
1.247361885443136087e+00
1.319021384026461297e+00
1.172573837479007119e+00
1.057792602800150750e+00
1.377934926084622758e+00
1.199729185109034812e+00
1.061295215515503765e+00
1.266346961211425537e+00
1.153745697161703276e+00
1.108315497153675500e+00
1.156769747126000780e+00
1.165658756226676696e+00
9.110891693231126798e-01
7.795284761341260138e-01
1.128278515622156641e+00
1.243321619563335867e+00
1.150672952496295309e+00
1.284709221799760881e+00
1.244684258973800306e+00
9.356958175585947668e-01
1.328952864865612149e+00
1.242899349687770938e+00
9.648418727998557820e-01
8.932939630692220412e-01
1.306699546468451212e+00
1.073569353843321084e+00
1.131732429126802941e+00
1.377940905504839275e+00
9.142152158865318734e-01
1.105507897989559174e+00
1.118290403697844937e+00
1.216441884362628123e+00
1.049141216931935627e+00
1.287207831648693901e+00
1.218122653855550297e+00
9.413013420941169773e-01
1.232769782486493826e+00
1.233042397208635954e+00
1.129066212155549920e+00
1.344958929116330859e+00
1.006483024287098127e+00
1.003379636386064755e+00
1.002999695422808646e+00
1.161401530823969797e+00
1.087303905835740547e+00
9.766520749210994001e-01
1.051487097588043484e+00
1.023083409601315275e+00
1.255182088233161908e+00
7.004204067141375223e-01
1.202546996091800713e+00
1.191437369448892447e+00
1.263442661722901095e+00
7.319283841402880464e-01
1.146751523330729050e+00
1.189186353597404544e+00
1.190277846313520627e+00
9.726910836116755554e-01
1.328652353997479718e+00
1.327008728400515869e+00
1.170519546199146887e+00
1.289539657254398453e+00
1.209724071440229975e+00
1.171127425298136737e+00
1.192022715586760651e+00
1.260818874271890655e+00
1.151835847711979444e+00
8.412089391743333699e-01
1.147592202497160763e+00
7.595357798986889231e-01
1.204930926681276659e+00
1.252716449692548029e+00
1.122001182217322812e+00
1.148940850953960258e+00
1.048862032053023086e+00
1.195272269631602935e+00
1.259399354660548864e+00
1.063260544693448439e+00
1.311186020460791912e+00
1.215955969204395526e+00
8.419617218283996785e-01
1.201045095378935335e+00
1.148158167663520413e+00
1.043279341555515494e+00
1.358018020647273172e+00
1.060021060602819087e+00
1.304731959281330456e+00
1.203993459630193552e+00
1.180280466163686759e+00
1.027235112895768632e+00
9.085359010976568062e-01
9.972980333672347708e-01
1.020668235122298206e+00
1.077347743652625978e+00
8.543314799425461015e-01
1.157049203649777702e+00
1.161030394990374415e+00
1.256122593247039898e+00
1.272369930272772676e+00
1.082119414964809456e+00
1.201980461861367200e+00
1.039845244674446612e+00
1.270278675725992068e+00
1.025272764512831669e+00
9.000855742226706591e-01
1.354121795132490869e+00
1.309037669717230123e+00
1.319324724049473208e+00
1.205607936648673606e+00
4.024907405053215204e-01
1.124255290884803138e+00
1.151609829651280670e+00
1.142980205046231656e+00
1.073563337848568056e+00
1.101749351407075306e+00
7.521848203298042712e-01
1.064370872633387366e+00
1.288654726505438441e+00
1.180507126810617313e+00
8.955705350611029569e-01
1.093867113219566756e+00
1.242707415414375127e+00
1.211180974038181812e+00
1.226597673345087847e+00
1.015415396447484131e+00
1.293227818181287292e+00
1.177203512751520353e+00
8.039183732159593809e-01
1.129394138966708150e+00
1.316733809570284297e+00
1.070914833555105972e+00
1.074887072916849151e+00
1.306294271513320782e+00
9.915026894560249326e-01
8.042025713055496183e-01
8.234378514859415077e-01
1.235271866922946327e+00
7.883879061328038507e-01
1.005520759092955130e+00
1.184624873798657330e+00
1.096961135430863266e+00
1.038698503259821493e+00
1.049397495888364507e+00
1.237866242887559531e+00
6.546198105312753812e-01
8.556413457398248656e-01
1.254175837403181282e+00
1.274561807104483080e+00
1.087048644447869306e+00
1.090172009642650819e+00
1.205481951948098596e+00
1.179470701932490595e+00
1.145805422879896396e+00
1.110582420688088545e+00
1.017615559000998982e+00
1.029504320191466427e+00
1.297759110523298398e+00
4.297343597852220087e-01
1.071133721890707546e+00
1.264753772591371339e+00
1.255796743407501026e+00
1.256854306185815506e+00
1.294701933880763711e+00
1.024338915007240836e+00
1.086588084740305771e+00
1.195297145077061973e+00
1.245112042721191470e+00
1.165137063786389593e+00
9.626438276874371702e-01
1.166058064257908367e+00
1.213379623114018591e+00
1.027346613846123136e+00
1.301045617947452993e+00
1.244006550142428447e+00
9.856607767295015865e-01
1.128802957336412671e+00
1.264735245945868947e+00
1.247237852949858450e+00
1.170274220929173881e+00
1.229942088954713464e+00
1.255627288401672370e+00
9.589224829401949979e-01
9.943030268593301413e-01
1.297257871460915313e+00
1.229334818548485364e+00
1.003782323109649655e+00
1.060766559259687769e+00
1.127127451581778406e+00
1.207260090903985228e+00
1.104998835010407410e+00
1.139056099991450077e+00
1.239838386232231748e+00
1.151307901853644955e+00
1.303920237314300623e+00
1.168509344424963015e+00
9.515710464137239200e-01
1.130906312563430438e+00
1.004182654204662795e+00
4.927225953287075466e-01
9.778213218095307413e-01
7.804268976238235567e-01
9.383591836093989613e-01
1.239093035665828513e+00
1.184205829292159562e+00
9.798804807832598440e-01
1.258848874408355911e+00
