-1	1.51	1.096296296	1.655407407	2.761	1.42	0.562962963	0.799407407	2.127	1.298072402	0.09	1.947368421	0.918	0.948394403	0.252
-1	1.51	1.096296296	1.655407407	2.761	0.48	0.348148148	0.167111111	1.907	1.447823807	1.03	3.14893617	1.024	1.099512193	0.097
1	1.51	1.096296296	1.655407407	2.761	1.84	0.474074074	0.872296296	1.978	1.395854398	0.33	2.3125	0.987	1.005584016	0.049
-1	1.51	1.096296296	1.655407407	2.761	0.4	0.113407407	0.045362963	1.499	1.841894596	1.11	9.666884389	1.302	1.331323393	2.402
-1	1.51	1.096296296	1.655407407	2.761	1.25	0.281481481	0.351851851	1.684	1.639548694	0.26	3.894736842	1.159	1.156712249	0.923
-1	1.51	1.096296296	1.655407407	2.761	1.39	0.444444444	0.617777777	2.009	1.37431558	0.12	2.466666667	0.972	1.02621138	0.101
1	1.51	1.096296296	1.655407407	2.761	1.94	0.474074074	0.919703704	1.987	1.389531958	0.43	2.3125	0.982	1.005584016	0.064
-1	1.51	1.096296296	1.655407407	2.761	1.81	0.4	0.724	1.87	1.476470588	0.3	2.740740741	1.044	1.058789519	0.191
-1	1.83	0.583555556	1.067906667	2.133	1.4	0.2	0.28	1.627	1.311001844	0.43	2.917777778	0.927	0.93311906	0.567
-1	1.83	0.583555556	1.067906667	2.133	1.61	0.477777778	0.769222223	2.015	1.058560794	0.22	1.221395349	0.748	0.75772074	1.326
1	2.55	1.192592593	3.041111112	2.948	2.14	0.62962963	1.347407408	2.23	1.321973094	0.41	1.894117647	0.935	0.951380033	0.441
1	2.55	1.192592593	3.041111112	2.948	2.32	0.644444444	1.49511111	2.178	1.353535354	0.23	1.850574713	0.957	0.942809042	0.31
-1	2.55	1.192592593	3.041111112	2.948	0.89	0.118518519	0.105481482	1.54	1.914285714	1.66	10.0625	1.354	1.386116605	7.244
-1	2.55	1.192592593	3.041111112	2.948	1.56	0.392592593	0.612444445	1.87	1.576470588	0.99	3.037735849	1.115	1.11331706	1.312
-1	2.55	1.192592593	3.041111112	2.948	1.78	0.407407407	0.725185184	1.96	1.504081633	0.77	2.927272727	1.064	1.101597933	0.629
1	2.55	1.192592593	3.041111112	2.948	2.14	0.525925926	1.125481482	2.073	1.422093584	0.41	2.267605634	1.006	1.016036929	0.046
1	2.55	1.192592593	3.041111112	2.948	1.24	0.462962963	0.574074074	2.02	1.459405941	1.31	2.576	1.032	1.0597651	0.289
-1	2.55	1.192592593	3.041111112	2.948	1.89	0.392592593	0.742000001	1.903	1.549132948	0.66	3.037735849	1.095	1.11331706	1.034
1	2.55	1.192592593	3.041111112	2.948	1.28	0.481481481	0.616296296	2.006	1.469591226	1.27	2.476923077	1.039	1.046518036	0.362
1	2.55	1.192592593	3.041111112	2.948	1.84	0.503703704	0.926814815	2.03	1.452216749	0.71	2.367647059	1.027	1.031052253	0.239
-1	2.55	1.192592593	3.041111112	2.948	1.53	0.355555556	0.544000001	1.922	1.533818939	1.02	3.354166667	1.085	1.143735559	0.89
1	2.55	1.192592593	3.041111112	2.948	2.08	0.644444444	1.340444444	2.33	1.265236052	0.47	1.850574713	0.895	0.942809042	0.629
1	2.55	1.192592593	3.041111112	2.948	1.94	0.666666667	1.293333334	2.292	1.286212914	0.61	1.788888889	0.91	0.930238255	0.565
1	2.55	1.192592593	3.041111112	2.948	1.11	0.574074074	0.637222222	2.192	1.344890511	1.44	2.077419355	0.951	0.984958152	0.348
1	2.55	1.192592593	3.041111112	2.948	2.16	0.637037037	1.376	2.232	1.32078853	0.39	1.872093023	0.934	0.947075146	0.445
-1	2.55	1.192592593	3.041111112	2.948	1.24	0.459259259	0.569481481	1.984	1.485887097	1.31	2.596774194	1.051	1.062454859	0.484
-1	2.55	1.192592593	3.041111112	2.948	1.54	0.296296296	0.456296296	1.79	1.646927374	1.01	4.025	1.165	1.196020613	2.15
1	2.55	1.192592593	3.041111112	2.948	1.48	0.511111111	0.756444444	2.055	1.434549878	1.07	2.333333333	1.014	1.025998075	0.123
-1	2.55	1.192592593	3.041111112	2.948	1.34	0.718518519	0.962814815	2.127	1.385989657	1.21	1.659793814	0.98	0.902170721	0.155
1	2.55	1.192592593	3.041111112	2.948	2.14	0.696296296	1.490074073	2.317	1.272334916	0.41	1.712765957	0.9	0.913989551	0.608
1	2.55	1.192592593	3.041111112	2.948	1.9	0.448148148	0.851481481	1.965	1.500254453	0.65	2.661157025	1.061	1.070606687	0.598
1	2.55	1.192592593	3.041111112	2.948	2.06	0.659259259	1.358074074	2.262	1.303271441	0.49	1.808988764	0.922	0.934391104	0.509
1	2.55	1.192592593	3.041111112	2.948	2.11	0.533333333	1.125333333	2.078	1.4186718	0.44	2.236111111	1.003	1.011128538	0.026
1	1.42	0.992592593	1.409481482	2.607	1.83	0.396296296	0.725222222	1.876	1.389658849	0.41	2.504672897	0.982	1.009080765	0.184
1	1.42	0.992592593	1.409481482	2.607	1.61	0.477777778	0.769222223	2.015	1.293796526	0.19	2.07751938	0.915	0.953442227	0.747
1	1.42	0.992592593	1.409481482	2.607	1.66	0.592592593	0.983703704	2.158	1.208063021	0.24	1.675	0.854	0.884705694	1.085
1	1.42	0.992592593	1.409481482	2.607	1.89	0.477777778	0.903	2.016	1.293154762	0.47	2.07751938	0.914	0.953442227	0.75
1	1.42	0.992592593	1.409481482	2.607	2.08	0.551851852	1.147851852	2.105	1.23847981	0.66	1.798657718	0.876	0.907931858	0.98
-1	2.44	0.992592593	2.421925927	2.63	0.89	0.118518519	0.105481482	1.54	1.707792208	1.55	8.375	1.208	1.259680293	2.471
1	2.44	0.992592593	2.421925927	2.63	1.78	0.407407407	0.725185184	1.96	1.341836735	0.66	2.436363636	0.949	1.001114338	0.329
1	2.44	0.992592593	2.421925927	2.63	1.43	0.392592593	0.561407408	1.898	1.385669125	1.01	2.528301887	0.98	1.01176449	0.141
1	2.44	0.992592593	2.421925927	2.63	2.14	0.525925926	1.125481482	2.073	1.268692716	0.3	1.887323944	0.897	0.923357884	0.576
1	2.44	0.992592593	2.421925927	2.63	1.24	0.462962963	0.574074074	2.02	1.301980198	1.2	2.144	0.921	0.963097338	0.473
1	2.44	0.992592593	2.421925927	2.63	1.89	0.392592593	0.742000001	1.903	1.382028376	0.55	2.528301887	0.977	1.01176449	0.158
1	2.44	0.992592593	2.421925927	2.63	1.28	0.481481481	0.616296296	2.006	1.3110668	1.16	2.061538462	0.927	0.951058621	0.443
1	2.44	0.992592593	2.421925927	2.63	1.84	0.503703704	0.926814815	2.03	1.295566502	0.6	1.970588235	0.916	0.937003567	0.494
1	2.44	0.992592593	2.421925927	2.63	1.11	0.574074074	0.637222222	2.192	1.199817518	1.33	1.729032258	0.848	0.895113996	0.743
1	2.44	0.992592593	2.421925927	2.63	1.24	0.459259259	0.569481481	1.984	1.325604839	1.2	2.161290323	0.937	0.965541747	0.391
1	2.44	0.992592593	2.421925927	2.63	1.54	0.296296296	0.456296296	1.79	1.469273743	0.9	3.35	1.039	1.086924138	0.315
1	2.44	0.992592593	2.421925927	2.63	1.48	0.511111111	0.756444444	2.055	1.279805353	0.96	1.942028986	0.905	0.932410413	0.543
1	2.44	0.992592593	2.421925927	2.63	1.9	0.448148148	0.851481481	1.965	1.338422392	0.54	2.214876033	0.946	0.972949996	0.342
1	2.44	0.992592593	2.421925927	2.63	2.06	0.659259259	1.358074074	2.262	1.162687887	0.38	1.505617978	0.822	0.849159483	0.811
1	2.44	0.992592593	2.421925927	2.63	1.81	0.42962963	0.77762963	1.934	1.359875905	0.63	2.310344828	0.962	0.985552975	0.256
-1	1.75	0.97037037	1.698148148	2.567	0.89	0.118518519	0.105481482	1.54	1.666883117	0.86	8.1875	1.179	1.245631814	1.923
1	1.75	0.97037037	1.698148148	2.567	1.43	0.392592593	0.561407408	1.898	1.352476291	0.32	2.471698113	0.956	1.000480872	0.281
-1	1.75	0.97037037	1.698148148	2.567	1.11	0.574074074	0.637222222	2.192	1.171076642	0.64	1.690322581	0.828	0.885131312	0.788
-1	1.75	0.97037037	1.698148148	2.567	0.89	0.37037037	0.329629629	1.961	1.309026007	0.86	2.62	0.926	1.016704886	0.442
1	1.75	0.97037037	1.698148148	2.567	1.48	0.511111111	0.756444444	2.055	1.249148418	0.27	1.898550725	0.883	0.922011784	0.62
-1	1.75	0.97037037	1.698148148	2.567	0.86	0.274074074	0.235703704	1.794	1.430880713	0.89	3.540540541	1.012	1.09354886	0.087
-1	1.75	0.97037037	1.698148148	2.567	1.34	0.718518519	0.962814815	2.127	1.206864128	0.41	1.350515464	0.853	0.810734499	0.719
1	1.75	0.97037037	1.698148148	2.567	1.9	0.448148148	0.851481481	1.965	1.306361323	0.15	2.165289256	0.924	0.962099252	0.45
1	2.32	0.992592593	2.302814816	2.664	1.83	0.396296296	0.725222222	1.876	1.420042644	0.49	2.504672897	1.004	1.009080765	0.043
1	2.32	0.992592593	2.302814816	2.664	1.78	0.455555556	0.81088889	1.98	1.345454545	0.54	2.178861789	0.951	0.967998596	0.479
1	2.32	0.992592593	2.302814816	2.664	1.61	0.477777778	0.769222223	2.015	1.322084367	0.71	2.07751938	0.935	0.953442227	0.613
1	2.32	0.992592593	2.302814816	2.664	1.63	0.459259259	0.748592592	1.986	1.341389728	0.69	2.161290323	0.948	0.965541747	0.503
1	2.32	0.992592593	2.302814816	2.664	2.17	0.637777778	1.383977778	2.227	1.19622811	0.15	1.556329849	0.846	0.86029726	1.133
1	2.32	0.992592593	2.302814816	2.664	1.9	0.496296296	0.942962962	2.047	1.301416707	0.42	2	0.92	0.941642199	0.721
1	2.32	0.992592593	2.302814816	2.664	2.19	0.651851852	1.427555556	2.256	1.180851064	0.13	1.522727273	0.835	0.852967373	1.177
1	2.32	0.992592593	2.302814816	2.664	1.81	0.474074074	0.858074074	1.999	1.332666333	0.51	2.09375	0.942	0.95583781	0.554
1	2.32	0.992592593	2.302814816	2.664	2.34	0.642962963	1.504533333	2.221	1.199459703	0.02	1.543778802	0.848	0.857582165	1.123
-1	1.56	0.797777778	1.244533334	2.355	1.43	0.392592593	0.561407408	1.898	1.240779768	0.13	2.032075472	0.877	0.912844765	0.609
-1	1.56	0.797777778	1.244533334	2.355	1.89	0.392592593	0.742000001	1.903	1.237519706	0.33	2.032075472	0.875	0.912844765	0.617
-1	1.56	0.797777778	1.244533334	2.355	0.89	0.37037037	0.329629629	1.961	1.200917899	0.67	2.154	0.849	0.927647653	0.699
-1	1.56	0.797777778	1.244533334	2.355	1.34	0.718518519	0.962814815	2.127	1.10719323	0.22	1.110309278	0.783	0.739719034	0.856
-1	1.56	0.797777778	1.244533334	2.355	1.9	0.448148148	0.851481481	1.965	1.198473282	0.34	1.780165289	0.847	0.877825145	0.704
-1	2.65	1.392592593	3.690370371	3.336	0.48	0.348148148	0.167111111	1.907	1.74934452	2.17	4	1.237	1.254920277	2.387
1	2.65	1.392592593	3.690370371	3.336	0.78	0.703703704	0.548888889	2.07	1.611594203	1.87	1.978947368	1.139	0.993023871	1.041
-1	2.65	1.392592593	3.690370371	3.336	1.84	0.474074074	0.872296296	1.978	1.686552073	0.81	2.9375	1.192	1.147716032	1.697
-1	2.65	1.392592593	3.690370371	3.336	1.81	0.4	0.724	1.87	1.783957219	0.84	3.481481481	1.261	1.208441748	2.823
-1	1.54	0.740518519	1.140398519	2.342	0.89	0.118518519	0.105481482	1.54	1.520779221	0.65	6.248125	1.075	1.100323711	0.576
-1	1.54	0.740518519	1.140398519	2.342	1.43	0.392592593	0.561407408	1.898	1.233930453	0.11	1.886226415	0.872	0.883770641	0.623
-1	1.54	0.740518519	1.140398519	2.342	1.84	0.503703704	0.926814815	2.03	1.153694581	0.3	1.470147059	0.816	0.818467391	0.786
-1	1.54	0.740518519	1.140398519	2.342	0.89	0.37037037	0.329629629	1.961	1.194288628	0.65	1.9994	0.844	0.898102056	0.711
-1	1.54	0.740518519	1.140398519	2.342	1.54	0.296296296	0.456296296	1.79	1.308379888	0	2.49925	0.925	0.949422174	0.414
-1	1.54	0.740518519	1.140398519	2.342	1.34	0.718518519	0.962814815	2.127	1.101081335	0.2	1.030618557	0.779	0.716158967	0.862
-1	1.54	0.740518519	1.140398519	2.342	1.81	0.42962963	0.77762963	1.934	1.210961737	0.27	1.72362069	0.856	0.860875028	0.676
1	2.22	0.888888889	1.973333334	2.514	1.83	0.396296296	0.725222222	1.876	1.340085288	0.39	2.242990654	0.947	0.95656355	0.487
-1	2.22	0.888888889	1.973333334	2.514	1.4	0.2	0.28	1.627	1.545175169	0.82	4.444444444	1.092	1.113038452	1.201
1	2.22	0.888888889	1.973333334	2.514	1.56	0.451851852	0.704888889	1.956	1.285276074	0.66	1.967213115	0.909	0.919960353	0.767
1	2.22	0.888888889	1.973333334	2.514	1.78	0.455555556	0.81088889	1.98	1.26969697	0.44	1.951219512	0.898	0.917619487	0.836
1	2.22	0.888888889	1.973333334	2.514	1.61	0.477777778	0.769222223	2.015	1.24764268	0.61	1.860465116	0.882	0.903820698	0.925
1	2.22	0.888888889	1.973333334	2.514	1.53	0.444444444	0.679999999	2.006	1.253240279	0.69	2	0.886	0.924678099	0.903
1	2.22	0.888888889	1.973333334	2.514	1.16	0.492592593	0.571407408	2.049	1.226939971	1.06	1.804511278	0.867	0.894849773	1.001
1	2.22	0.888888889	1.973333334	2.514	2.08	0.551851852	1.147851852	2.105	1.194299287	0.14	1.610738255	0.844	0.860678899	1.107
1	2.22	0.888888889	1.973333334	2.514	1.9	0.496296296	0.942962962	2.047	1.22813874	0.32	1.791044776	0.868	0.892634798	0.997
1	2.22	0.888888889	1.973333334	2.514	1.81	0.474074074	0.858074074	1.999	1.257628814	0.41	1.875	0.889	0.906091604	0.886
1	2.2	0.873333333	1.921333333	2.501	1.83	0.396296296	0.725222222	1.876	1.33315565	0.37	2.203738318	0.942	0.948685968	0.524
-1	2.2	0.873333333	1.921333333	2.501	1.4	0.2	0.28	1.627	1.537185003	0.8	4.366666667	1.087	1.103872253	1.106
1	2.2	0.873333333	1.921333333	2.501	1.78	0.455555556	0.81088889	1.98	1.263131313	0.42	1.917073171	0.893	0.910062621	0.86
1	2.2	0.873333333	1.921333333	2.501	1.61	0.477777778	0.769222223	2.015	1.241191067	0.59	1.827906977	0.877	0.896377469	0.947
1	2.2	0.873333333	1.921333333	2.501	1.89	0.477777778	0.903	2.016	1.240575397	0.31	1.827906977	0.877	0.896377469	0.949
1	2.2	0.873333333	1.921333333	2.501	1.53	0.444444444	0.679999999	2.006	1.246759721	0.67	1.965	0.881	0.917063103	0.926
1	2.2	0.873333333	1.921333333	2.501	1.16	0.492592593	0.571407408	2.049	1.220595412	1.04	1.772932331	0.863	0.887480422	1.02
1	2.2	0.873333333	1.921333333	2.501	1.9	0.496296296	0.942962962	2.047	1.221787982	0.3	1.759701493	0.864	0.885283688	1.016
1	2.2	0.873333333	1.921333333	2.501	1.81	0.474074074	0.858074074	1.999	1.251125563	0.39	1.8421875	0.884	0.898629673	0.909
1	2.24	0.911111111	2.040888889	2.587	1.83	0.396296296	0.725222222	1.876	1.378997868	0.41	2.299065421	0.975	0.967817239	0.256
-1	2.24	0.911111111	2.040888889	2.587	1.4	0.2	0.28	1.627	1.590043024	0.84	4.555555556	1.124	1.126133022	1.801
1	2.24	0.911111111	2.040888889	2.587	1.78	0.455555556	0.81088889	1.98	1.306565657	0.46	2	0.924	0.928415011	0.68
1	2.24	0.911111111	2.040888889	2.587	1.61	0.477777778	0.769222223	2.015	1.283870968	0.63	1.906976744	0.908	0.914453883	0.789
1	2.24	0.911111111	2.040888889	2.587	1.89	0.477777778	0.903	2.016	1.283234127	0.35	1.906976744	0.907	0.914453883	0.792
1	2.24	0.911111111	2.040888889	2.587	1.53	0.444444444	0.679999999	2.006	1.289631107	0.71	2.05	0.912	0.935556665	0.762
1	2.24	0.911111111	2.040888889	2.587	1.16	0.492592593	0.571407408	2.049	1.262567106	1.08	1.84962406	0.893	0.905377417	0.882
1	2.24	0.911111111	2.040888889	2.587	2.08	0.551851852	1.147851852	2.105	1.228978622	0.16	1.651006711	0.869	0.870804533	1.01
-1	1.61	0.698518519	1.124614816	2.272	1.4	0.2	0.28	1.627	1.396435157	0.21	3.492592593	0.987	1.000861636	0.119
-1	1.61	0.698518519	1.124614816	2.272	1.89	0.477777778	0.903	2.016	1.126984127	0.28	1.462015504	0.797	0.812729749	1.226
-1	1.61	0.794814815	1.279651852	2.397	1.89	0.392592593	0.742000001	1.903	1.259590121	0.28	2.024528302	0.891	0.911340283	0.567
-1	1.61	0.794814815	1.279651852	2.397	1.54	0.296296296	0.456296296	1.79	1.339106145	0.07	2.6825	0.947	0.979039846	0.315
-1	1.61	0.794814815	1.279651852	2.397	0.86	0.274074074	0.235703704	1.794	1.336120401	0.75	2.9	0.945	0.996116123	0.326
-1	1.61	0.698518519	1.124614816	2.272	1.9	0.496296296	0.942962962	2.047	1.109916952	0.29	1.407462687	0.785	0.802671213	1.262
-1	1.61	0.794814815	1.279651852	2.397	1.9	0.448148148	0.851481481	1.965	1.219847328	0.29	1.773553719	0.863	0.876378379	0.665
-1	1.63	0.648148148	1.056481481	2.243	1.61	0.477777778	0.769222223	2.015	1.113151365	0.02	1.356589147	0.787	0.788627864	1.249
-1	1.63	0.648148148	1.056481481	2.243	1.66	0.592592593	0.983703704	2.158	1.039388323	0.03	1.09375	0.735	0.731773297	1.375
1	2.24	0.903703704	2.024296297	2.578	1.83	0.396296296	0.725222222	1.876	1.374200426	0.41	2.280373832	0.971	0.96406601	0.287
-1	2.24	0.903703704	2.024296297	2.578	1.4	0.2	0.28	1.627	1.584511371	0.84	4.518518519	1.12	1.121768166	1.72
1	2.24	0.903703704	2.024296297	2.578	1.56	0.451851852	0.704888889	1.956	1.31799591	0.68	2	0.932	0.927175729	0.619
1	2.24	0.903703704	2.024296297	2.578	1.78	0.455555556	0.81088889	1.98	1.302020202	0.46	1.983739837	0.92	0.924816503	0.701
1	2.24	0.903703704	2.024296297	2.578	1.61	0.477777778	0.769222223	2.015	1.279404467	0.63	1.891472868	0.904	0.910909488	0.807
1	2.24	0.903703704	2.024296297	2.578	1.63	0.459259259	0.748592592	1.986	1.298086606	0.61	1.967741935	0.918	0.922469253	0.72
1	2.24	0.903703704	2.024296297	2.578	1.89	0.477777778	0.903	2.016	1.278769841	0.35	1.891472868	0.904	0.910909488	0.81
1	2.24	0.903703704	2.024296297	2.578	1.53	0.444444444	0.679999999	2.006	1.285144566	0.71	2.033333333	0.908	0.931930476	0.781
1	2.24	0.903703704	2.024296297	2.578	1.16	0.492592593	0.571407408	2.049	1.258174719	1.08	1.834586466	0.889	0.901868203	0.898
1	2.24	0.903703704	2.024296297	2.578	2.08	0.551851852	1.147851852	2.105	1.224703088	0.16	1.637583893	0.866	0.867429321	1.023
1	2.24	0.903703704	2.024296297	2.578	1.9	0.496296296	0.942962962	2.047	1.259404006	0.34	1.820895522	0.89	0.899635856	0.893
1	2.24	0.903703704	2.024296297	2.578	1.81	0.474074074	0.858074074	1.999	1.289644822	0.43	1.90625	0.912	0.913198205	0.76
-1	1.44	0.936296296	1.348266666	2.635	0.89	0.37037037	0.329629629	1.961	1.343702193	0.55	2.528	0.95	0.999122771	0.322
-1	1.44	0.936296296	1.348266666	2.635	1.34	0.718518519	0.962814815	2.127	1.238834039	0.1	1.303092784	0.876	0.796714279	0.656
1	1.44	0.936296296	1.348266666	2.635	1.9	0.448148148	0.851481481	1.965	1.340966921	0.46	2.089256198	0.948	0.945461446	0.333
1	2.21	0.884444444	1.954622221	2.538	1.83	0.396296296	0.725222222	1.876	1.352878465	0.38	2.231775701	0.956	0.954312813	0.416
-1	2.21	0.884444444	1.954622221	2.538	1.4	0.2	0.28	1.627	1.559926245	0.81	4.422222222	1.103	1.110419538	1.385
1	2.21	0.884444444	1.954622221	2.538	1.56	0.451851852	0.704888889	1.956	1.297546012	0.65	1.957377049	0.917	0.917795741	0.715
1	2.21	0.884444444	1.954622221	2.538	1.78	0.455555556	0.81088889	1.98	1.281818182	0.43	1.941463415	0.906	0.915460383	0.788
1	2.21	0.884444444	1.954622221	2.538	1.61	0.477777778	0.769222223	2.015	1.25955335	0.6	1.851162791	0.89	0.901694061	0.883
1	2.21	0.884444444	1.954622221	2.538	1.89	0.477777778	0.903	2.016	1.258928571	0.32	1.851162791	0.89	0.901694061	0.886
1	2.21	0.884444444	1.954622221	2.538	1.53	0.444444444	0.679999999	2.006	1.265204387	0.68	1.99	0.894	0.922502386	0.86
1	2.21	0.884444444	1.954622221	2.538	1.16	0.492592593	0.571407408	2.049	1.238653001	1.05	1.795488722	0.876	0.892744244	0.964
1	2.21	0.884444444	1.954622221	2.538	2.08	0.551851852	1.147851852	2.105	1.205700713	0.13	1.602684564	0.852	0.858653772	1.077
1	2.21	0.884444444	1.954622221	2.538	1.9	0.496296296	0.942962962	2.047	1.239863214	0.31	1.782089552	0.876	0.890534481	0.96
-1	1.66	0.812592593	1.348903704	2.415	1.4	0.2	0.28	1.627	1.484326982	0.26	4.062962963	1.049	1.068080428	0.555
-1	1.66	0.812592593	1.348903704	2.415	1.61	0.477777778	0.769222223	2.015	1.198511166	0.05	1.700775194	0.847	0.867313431	1.072
-1	1.66	0.812592593	1.348903704	2.415	1.89	0.477777778	0.903	2.016	1.197916667	0.23	1.700775194	0.847	0.867313431	1.073
-1	2.62	1.214814815	3.182814815	3.051	1.4	0.562962963	0.788148148	2.127	1.434414669	1.22	2.157894737	1.014	1.002013875	0.063
-1	2.62	1.214814815	3.182814815	3.051	0.48	0.348148148	0.167111111	1.907	1.599895123	2.14	3.489361702	1.131	1.161675427	0.827
1	2.62	1.214814815	3.182814815	3.051	0.78	0.703703704	0.548888889	2.07	1.473913043	1.84	1.726315789	1.042	0.919238816	0.204
1	2.62	1.214814815	3.182814815	3.051	1.84	0.474074074	0.872296296	1.978	1.542467139	0.78	2.5625	1.091	1.062436822	0.508
-1	2.62	1.214814815	3.182814815	3.051	0.4	0.113407407	0.045362963	1.499	2.035356905	2.22	10.71195297	1.439	1.40659256	5.875
1	2.62	1.214814815	3.182814815	3.051	1.94	0.577777778	1.120888889	2.174	1.403403864	0.68	2.102564103	0.993	0.992605294	0.031
-1	2.62	1.214814815	3.182814815	3.051	1.25	0.281481481	0.351851851	1.684	1.81175772	1.37	4.315789474	1.281	1.222109408	2.635
-1	2.62	1.214814815	3.182814815	3.051	1.39	0.444444444	0.617777777	2.009	1.518666003	1.23	2.733333333	1.074	1.084230398	0.394
1	2.62	1.214814815	3.182814815	3.051	1.94	0.474074074	0.919703704	1.987	1.535480624	0.68	2.5625	1.086	1.062436822	0.473
1	2.62	1.214814815	3.182814815	3.051	2.06	0.562962963	1.159703704	2.142	1.424369748	0.56	2.157894737	1.007	1.002013875	0.031
-1	2.62	1.214814815	3.182814815	3.051	1.81	0.4	0.724	1.87	1.631550802	0.81	3.037037037	1.154	1.118650411	1.032
1	2.34	1.007407407	2.357333332	2.685	1.83	0.396296296	0.725222222	1.876	1.431236674	0.51	2.542056075	1.012	1.016583224	0.136
-1	2.34	1.007407407	2.357333332	2.685	1.4	0.2	0.28	1.627	1.650276583	0.94	5.037037037	1.167	1.182876159	2.817
1	2.34	1.007407407	2.357333332	2.685	1.56	0.451851852	0.704888889	1.956	1.372699387	0.78	2.229508197	0.97	0.977683356	0.308
1	2.34	1.007407407	2.357333332	2.685	1.78	0.455555556	0.81088889	1.98	1.356060606	0.56	2.211382114	0.959	0.975195612	0.417
1	2.34	1.007407407	2.357333332	2.685	1.54	0.4	0.616	1.991	1.348568559	0.8	2.518518519	0.953	1.013893851	0.463
1	2.34	1.007407407	2.357333332	2.685	2.2	0.659259259	1.45037037	2.244	1.196524064	0.14	1.528089888	0.846	0.855472936	1.136
1	2.34	1.007407407	2.357333332	2.685	1.63	0.459259259	0.748592592	1.986	1.351963746	0.71	2.193548387	0.956	0.972720496	0.442
1	2.34	1.007407407	2.357333332	2.685	2.21	0.667407407	1.474970369	2.281	1.1771153	0.13	1.509433962	0.832	0.851292482	1.191
1	2.34	1.007407407	2.357333332	2.685	1.66	0.592592593	0.983703704	2.158	1.2442076	0.68	1.7	0.88	0.891283431	0.976
1	2.34	1.007407407	2.357333332	2.685	2.17	0.637777778	1.383977778	2.227	1.205657836	0.17	1.579558653	0.852	0.866693522	1.109
1	2.34	1.007407407	2.357333332	2.685	1.89	0.477777778	0.903	2.016	1.331845238	0.45	2.108527132	0.942	0.960531016	0.562
1	2.34	1.007407407	2.357333332	2.685	1.53	0.444444444	0.679999999	2.006	1.338484546	0.81	2.266666667	0.946	0.982697117	0.524
1	2.34	1.007407407	2.357333332	2.685	1.16	0.492592593	0.571407408	2.049	1.310395315	1.18	2.045112782	0.926	0.95099721	0.679
1	2.34	1.007407407	2.357333332	2.685	1.24	0.503703704	0.624592593	2.026	1.325271471	1.1	2	0.937	0.943970137	0.599
1	2.34	1.007407407	2.357333332	2.685	2.08	0.551851852	1.147851852	2.105	1.275534442	0.26	1.825503356	0.902	0.91468228	0.847
1	2.34	1.007407407	2.357333332	2.685	1.9	0.496296296	0.942962962	2.047	1.311675623	0.44	2.029850746	0.927	0.948643256	0.672
1	2.34	1.007407407	2.357333332	2.685	2.19	0.651851852	1.427555556	2.256	1.190159574	0.15	1.545454545	0.841	0.859309138	1.155
1	2.34	1.007407407	2.357333332	2.685	1.81	0.474074074	0.858074074	1.999	1.343171586	0.53	2.125	0.95	0.962944411	0.496
1	2.34	1.007407407	2.357333332	2.685	2.34	0.642962963	1.504533333	2.221	1.208914903	0	1.566820276	0.855	0.863958241	1.098
1	2.34	1.007407407	2.357333332	2.685	2.22	0.666666667	1.480000001	2.275	1.18021978	0.12	1.511111111	0.834	0.851670834	1.182
-1	2.46	0.816814815	2.009364445	2.385	1.26	0.340740741	0.429333334	1.834	1.300436205	1.2	2.397173913	0.919	0.958188289	0.223
-1	2.46	0.816814815	2.009364445	2.385	1.42	0.562962963	0.799407407	2.127	1.121297602	1.04	1.450921053	0.793	0.821952987	0.421
-1	2.46	0.816814815	2.009364445	2.385	0.78	0.703703704	0.548888889	2.07	1.152173913	1.68	1.160736842	0.815	0.754052523	0.397
-1	2.46	0.816814815	2.009364445	2.385	1.84	0.474074074	0.872296296	1.978	1.205763397	0.62	1.72296875	0.853	0.871517991	0.347
-1	2.46	0.816814815	2.009364445	2.385	0.4	0.113407407	0.045362963	1.499	1.591060707	2.06	7.202482038	1.125	1.153829288	0.54
-1	2.46	0.816814815	2.009364445	2.385	1.25	0.281481481	0.351851851	1.684	1.416270784	1.21	2.901842105	1.001	1.002497574	0.005
-1	2.46	0.816814815	2.009364445	2.385	1.54	0.533333333	0.821333333	1.927	1.237675143	0.92	1.531527778	0.875	0.837836137	0.311
-1	2.46	0.816814815	2.009364445	2.385	1.39	0.444444444	0.617777777	2.009	1.18715779	1.07	1.837833333	0.839	0.889395283	0.366
-1	2.46	0.816814815	2.009364445	2.385	1.94	0.474074074	0.919703704	1.987	1.200301963	0.52	1.72296875	0.849	0.871517991	0.353
-1	2.46	0.816814815	2.009364445	2.385	1.81	0.4	0.724	1.87	1.27540107	0.65	2.042037037	0.902	0.917630054	0.261
-1	2.17	0.851851852	1.848518519	2.484	1.4	0.2	0.28	1.627	1.526736325	0.77	4.259259259	1.079	1.091214169	0.987
1	2.17	0.851851852	1.848518519	2.484	1.78	0.455555556	0.81088889	1.98	1.254545455	0.39	1.869918699	0.887	0.899626948	0.891
1	2.17	0.851851852	1.848518519	2.484	1.61	0.477777778	0.769222223	2.015	1.232754342	0.56	1.782945736	0.871	0.886098724	0.974
1	2.17	0.851851852	1.848518519	2.484	1.89	0.477777778	0.903	2.016	1.232142857	0.28	1.782945736	0.871	0.886098724	0.976
1	2.17	0.851851852	1.848518519	2.484	1.9	0.496296296	0.942962962	2.047	1.213483146	0.27	1.71641791	0.858	0.875132155	1.04
-1	2.13	0.785185185	1.672444444	2.356	0.89	0.118518519	0.105481482	1.54	1.52987013	1.24	6.625	1.082	1.128561154	0.638
-1	2.13	0.785185185	1.672444444	2.356	1.43	0.392592593	0.561407408	1.898	1.241306639	0.7	2	0.878	0.906450714	0.607
-1	2.13	0.785185185	1.672444444	2.356	0.89	0.37037037	0.329629629	1.961	1.201427843	1.24	2.12	0.85	0.921149915	0.698
1	2.13	0.785185185	1.672444444	2.356	1.54	0.296296296	0.456296296	1.79	1.316201117	0.59	2.65	0.931	0.973787053	0.39
-1	2.13	0.785185185	1.672444444	2.356	1.9	0.448148148	0.851481481	1.965	1.198982188	0.23	1.752066116	0.848	0.87167639	0.704
-1	2.13	0.785185185	1.672444444	2.356	1.81	0.42962963	0.77762963	1.934	1.21820062	0.32	1.827586207	0.861	0.882967535	0.662
-1	1.89	0.839777778	1.58718	2.453	0.89	0.118518519	0.105481482	1.54	1.592857143	1	7.085625	1.126	1.163073585	1.139
-1	1.89	0.839777778	1.58718	2.453	1.43	0.392592593	0.561407408	1.898	1.292413066	0.46	2.139056604	0.914	0.934170805	0.48
-1	1.89	0.839777778	1.58718	2.453	0.89	0.37037037	0.329629629	1.961	1.250892402	1	2.2674	0.884	0.94931952	0.598
-1	1.89	0.839777778	1.58718	2.453	1.54	0.296296296	0.456296296	1.79	1.370391061	0.35	2.83425	0.969	1.00356635	0.196
-1	1.89	0.839777778	1.58718	2.453	1.48	0.511111111	0.756444444	2.055	1.193673966	0.41	1.643043478	0.844	0.860902506	0.729
-1	1.89	0.839777778	1.58718	2.453	0.86	0.274074074	0.235703704	1.794	1.367335563	1.03	3.064054054	0.967	1.021070414	0.21
-1	1.89	0.839777778	1.58718	2.453	1.9	0.448148148	0.851481481	1.965	1.248346056	0.01	1.873884298	0.883	0.89833305	0.605
-1	2.51	1.02962963	2.584370371	2.722	1.26	0.340740741	0.429333334	1.834	1.484187568	1.25	3.02173913	1.049	1.07042684	0.214
-1	2.51	1.02962963	2.584370371	2.722	1.42	0.562962963	0.799407407	2.127	1.279736718	1.09	1.828947368	0.905	0.918233451	0.278
-1	2.51	1.02962963	2.584370371	2.722	0.48	0.348148148	0.167111111	1.907	1.427372837	2.03	2.957446809	1.009	1.064545374	0.036
1	2.51	1.02962963	2.584370371	2.722	0.78	0.703703704	0.548888889	2.07	1.314975845	1.73	1.463157895	0.93	0.842379383	0.22
1	2.51	1.02962963	2.584370371	2.722	1.84	0.474074074	0.872296296	1.978	1.376137513	0.67	2.171875	0.973	0.973604312	0.095
-1	2.51	1.02962963	2.584370371	2.722	0.4	0.113407407	0.045362963	1.499	1.815877252	2.11	9.079033312	1.284	1.288984486	2.11
-1	2.51	1.02962963	2.584370371	2.722	1.25	0.281481481	0.351851851	1.684	1.616389549	1.26	3.657894737	1.143	1.119926347	0.779
1	2.51	1.02962963	2.584370371	2.722	1.39	0.444444444	0.617777777	2.009	1.354902937	1.12	2.316666667	0.958	0.993575683	0.142
1	2.51	1.02962963	2.584370371	2.722	1.94	0.474074074	0.919703704	1.987	1.369904378	0.57	2.171875	0.969	0.973604312	0.11
1	2.51	1.02962963	2.584370371	2.722	2.06	0.562962963	1.159703704	2.142	1.270774977	0.45	1.828947368	0.899	0.918233451	0.291
-1	2.51	1.02962963	2.584370371	2.722	1.81	0.4	0.724	1.87	1.455614973	0.7	2.574074074	1.029	1.025117768	0.12
1	2.51	1.02962963	2.584370371	2.722	1.08	0.459259259	0.496	1.957	1.390904446	1.43	2.241935484	0.983	0.98348862	0.06
1	2.3	0.940740741	2.163703704	2.618	1.83	0.396296296	0.725222222	1.876	1.395522388	0.47	2.373831776	0.987	0.982822158	0.143
1	2.3	0.940740741	2.163703704	2.618	1.56	0.451851852	0.704888889	1.956	1.338445808	0.74	2.081967213	0.946	0.945214167	0.513
1	2.3	0.940740741	2.163703704	2.618	1.78	0.455555556	0.81088889	1.98	1.322222222	0.52	2.06504065	0.935	0.942809042	0.604
1	2.3	0.940740741	2.163703704	2.618	1.61	0.477777778	0.769222223	2.015	1.299255583	0.69	1.968992248	0.918	0.928631462	0.722
1	2.3	0.940740741	2.163703704	2.618	1.63	0.459259259	0.748592592	1.986	1.318227593	0.67	2.048387097	0.932	0.940416125	0.626
1	2.3	0.940740741	2.163703704	2.618	1.66	0.592592593	0.983703704	2.158	1.213160334	0.64	1.5875	0.858	0.861683613	1.071
1	2.3	0.940740741	2.163703704	2.618	1.89	0.477777778	0.903	2.016	1.298611111	0.41	1.968992248	0.918	0.928631462	0.726
1	2.3	0.940740741	2.163703704	2.618	1.53	0.444444444	0.679999999	2.006	1.305084746	0.77	2.116666667	0.923	0.950061419	0.694
1	2.3	0.940740741	2.163703704	2.618	1.16	0.492592593	0.571407408	2.049	1.277696437	1.14	1.909774436	0.903	0.919414277	0.823
1	2.3	0.940740741	2.163703704	2.618	2.08	0.551851852	1.147851852	2.105	1.243705463	0.22	1.704697987	0.879	0.884305378	0.963
1	2.3	0.940740741	2.163703704	2.618	1.9	0.496296296	0.942962962	2.047	1.278944797	0.4	1.895522388	0.904	0.917138499	0.818
1	2.3	0.940740741	2.163703704	2.618	1.81	0.474074074	0.858074074	1.999	1.309654827	0.49	1.984375	0.926	0.930964707	0.67
-1	1.53	0.689407407	1.054793333	2.317	1.89	0.392592593	0.742000001	1.903	1.217551235	0.36	1.756037736	0.861	0.857818317	0.657
-1	1.53	0.689407407	1.054793333	2.317	0.89	0.37037037	0.329629629	1.961	1.181540031	0.64	1.8614	0.835	0.871728884	0.732
-1	1.53	0.689407407	1.054793333	2.317	1.9	0.448148148	0.851481481	1.965	1.17913486	0.37	1.538347107	0.834	0.824909686	0.737
-1	1.11	1.103703704	1.225111111	2.775	0.89	0.118518519	0.105481482	1.54	1.801948052	0.22	9.3125	1.274	1.329922688	4.153
1	1.11	1.103703704	1.225111111	2.775	1.43	0.392592593	0.561407408	1.898	1.462065332	0.32	2.811320755	1.034	1.068182585	0.287
1	1.11	1.103703704	1.225111111	2.775	2.14	0.525925926	1.125481482	2.073	1.338639653	1.03	2.098591549	0.947	0.974846242	0.357
-1	1.11	1.103703704	1.225111111	2.775	0.89	0.37037037	0.329629629	1.961	1.41509434	0.22	2.98	1.001	1.085504464	0.005
-1	1.11	1.103703704	1.225111111	2.775	1.54	0.296296296	0.456296296	1.79	1.55027933	0.43	3.725	1.096	1.147533291	0.962
-1	1.11	1.103703704	1.225111111	2.775	0.86	0.274074074	0.235703704	1.794	1.546822742	0.25	4.027027027	1.094	1.167548406	0.932
-1	1.11	1.103703704	1.225111111	2.775	1.34	0.718518519	0.962814815	2.127	1.304654443	0.23	1.536082474	0.923	0.865596232	0.483
1	1.11	1.103703704	1.225111111	2.775	1.9	0.448148148	0.851481481	1.965	1.41221374	0.79	2.462809917	0.999	1.027203713	0.01
1	1.11	1.103703704	1.225111111	2.775	2.11	0.533333333	1.125333333	2.078	1.335418672	1	2.069444444	0.944	0.97013684	0.37
1	2.31	0.962962963	2.224444445	2.651	1.83	0.396296296	0.725222222	1.876	1.413113006	0.48	2.429906542	0.999	0.994075846	0.012
1	2.31	0.962962963	2.224444445	2.651	1.56	0.451851852	0.704888889	1.956	1.355316973	0.75	2.131147541	0.958	0.95603723	0.417
1	2.31	0.962962963	2.224444445	2.651	1.78	0.455555556	0.81088889	1.98	1.338888889	0.53	2.113821138	0.946	0.953604565	0.516
1	2.31	0.962962963	2.224444445	2.651	1.61	0.477777778	0.769222223	2.015	1.315632754	0.7	2.015503876	0.93	0.939264647	0.645
1	2.31	0.962962963	2.224444445	2.651	1.63	0.459259259	0.748592592	1.986	1.334843907	0.68	2.096774194	0.944	0.951184249	0.539
1	2.31	0.962962963	2.224444445	2.651	2.17	0.637777778	1.383977778	2.227	1.19039066	0.14	1.509872242	0.842	0.847504736	1.147
1	2.31	0.962962963	2.224444445	2.651	1.89	0.477777778	0.903	2.016	1.314980159	0.42	2.015503876	0.93	0.939264647	0.649
1	2.31	0.962962963	2.224444445	2.651	1.53	0.444444444	0.679999999	2.006	1.321535394	0.78	2.166666667	0.934	0.960939985	0.614
1	2.31	0.962962963	2.224444445	2.651	1.16	0.492592593	0.571407408	2.049	1.293801855	1.15	1.954887218	0.915	0.929941921	0.755
1	2.31	0.962962963	2.224444445	2.651	1.24	0.503703704	0.624592593	2.026	1.308489635	1.07	1.911764706	0.925	0.923070429	0.683
1	2.31	0.962962963	2.224444445	2.651	2.08	0.551851852	1.147851852	2.105	1.259382423	0.23	1.744966443	0.89	0.894431012	0.908
1	2.31	0.962962963	2.224444445	2.651	1.9	0.496296296	0.942962962	2.047	1.29506595	0.41	1.940298507	0.916	0.927640084	0.749
1	2.31	0.962962963	2.224444445	2.651	1.81	0.474074074	0.858074074	1.999	1.326163082	0.5	2.03125	0.937	0.941624608	0.588
1	2.31	0.962962963	2.224444445	2.651	2.34	0.642962963	1.504533333	2.221	1.193606484	0.03	1.497695853	0.844	0.844830014	1.138
-1	2.62	1.274074074	3.338074074	3.182	0.48	0.348148148	0.167111111	1.907	1.668589407	2.14	3.659574468	1.18	1.192757043	1.398
1	2.62	1.274074074	3.338074074	3.182	0.78	0.703703704	0.548888889	2.07	1.537198068	1.84	1.810526316	1.087	0.943833834	0.51
1	2.62	1.274074074	3.338074074	3.182	1.84	0.474074074	0.872296296	1.978	1.608695652	0.78	2.6875	1.137	1.090863226	0.943
-1	2.62	1.274074074	3.338074074	3.182	0.4	0.113407407	0.045362963	1.499	2.122748499	2.22	11.23448726	1.501	1.444227143	8.59
1	2.62	1.274074074	3.338074074	3.182	1.94	0.577777778	1.120888889	2.174	1.463661454	0.68	2.205128205	1.035	1.019163295	0.175
-1	2.62	1.274074074	3.338074074	3.182	1.25	0.281481481	0.351851851	1.684	1.889548694	1.37	4.526315789	1.336	1.254807988	3.974
1	2.62	1.274074074	3.338074074	3.182	1.94	0.474074074	0.919703704	1.987	1.60140916	0.68	2.6875	1.132	1.090863226	0.894
1	2.62	1.274074074	3.338074074	3.182	2.06	0.562962963	1.159703704	2.142	1.485527544	0.56	2.263157895	1.05	1.028823611	0.263
-1	2.62	1.274074074	3.338074074	3.182	1.81	0.4	0.724	1.87	1.701604278	0.81	3.185185185	1.203	1.148580857	1.689
1	2.27	0.918518519	2.085037038	2.601	1.83	0.396296296	0.725222222	1.876	1.386460554	0.44	2.317757009	0.98	0.971568469	0.206
1	2.27	0.918518519	2.085037038	2.601	1.56	0.451851852	0.704888889	1.956	1.329754601	0.71	2.032786885	0.94	0.934391104	0.56
1	2.27	0.918518519	2.085037038	2.601	1.78	0.455555556	0.81088889	1.98	1.313636364	0.49	2.016260163	0.929	0.932013518	0.647
1	2.27	0.918518519	2.085037038	2.601	1.61	0.477777778	0.769222223	2.015	1.290818859	0.66	1.92248062	0.913	0.917998278	0.76
1	2.27	0.918518519	2.085037038	2.601	1.66	0.592592593	0.983703704	2.158	1.205282669	0.61	1.55	0.852	0.851817006	1.092
1	2.27	0.918518519	2.085037038	2.601	1.89	0.477777778	0.903	2.016	1.290178571	0.38	1.92248062	0.912	0.917998278	0.763
1	2.27	0.918518519	2.085037038	2.601	1.53	0.444444444	0.679999999	2.006	1.296610169	0.74	2.066666667	0.917	0.939182853	0.732
1	2.27	0.918518519	2.085037038	2.601	1.16	0.492592593	0.571407408	2.049	1.269399707	1.11	1.864661654	0.897	0.908886632	0.856
1	2.27	0.918518519	2.085037038	2.601	2.08	0.551851852	1.147851852	2.105	1.235629454	0.19	1.66442953	0.874	0.874179744	0.989
1	2.27	0.918518519	2.085037038	2.601	1.9	0.496296296	0.942962962	2.047	1.270639961	0.37	1.850746269	0.898	0.906636913	0.851
1	2.27	0.918518519	2.085037038	2.601	1.81	0.474074074	0.858074074	1.999	1.301150575	0.46	1.9375	0.92	0.920304806	0.71
-1	2.27	0.918518519	2.085037038	2.601	2.22	0.666666667	1.480000001	2.275	1.143296703	0.05	1.377777778	0.808	0.813958473	1.257
1	2.49	1.066666667	2.656000001	2.781	2.14	0.62962963	1.347407408	2.23	1.247085202	0.35	1.694117647	0.882	0.896739964	0.656
-1	2.49	1.066666667	2.656000001	2.781	0.89	0.118518519	0.105481482	1.54	1.805844156	1.6	9	1.277	1.306508556	4.237
1	2.49	1.066666667	2.656000001	2.781	1.56	0.392592593	0.612444445	1.87	1.487165775	0.93	2.716981132	1.052	1.049376553	0.46
1	2.49	1.066666667	2.656000001	2.781	1.43	0.392592593	0.561407408	1.898	1.465226554	1.06	2.716981132	1.036	1.049376553	0.309
1	2.49	1.066666667	2.656000001	2.781	2.14	0.525925926	1.125481482	2.073	1.341534009	0.35	2.028169014	0.949	0.957683456	0.346
1	2.49	1.066666667	2.656000001	2.781	1.24	0.462962963	0.574074074	2.02	1.376732673	1.25	2.304	0.973	0.998900213	0.191
1	2.49	1.066666667	2.656000001	2.781	1.89	0.392592593	0.742000001	1.903	1.461376774	0.6	2.716981132	1.033	1.049376553	0.283
1	2.49	1.066666667	2.656000001	2.781	1.28	0.481481481	0.616296296	2.006	1.386340977	1.21	2.215384615	0.98	0.98641396	0.108
1	2.49	1.066666667	2.656000001	2.781	1.84	0.503703704	0.926814815	2.03	1.369950739	0.65	2.117647059	0.969	0.971836414	0.223
1	2.49	1.066666667	2.656000001	2.781	1.11	0.574074074	0.637222222	2.192	1.26870438	1.38	1.858064516	0.897	0.928389609	0.597
1	2.49	1.066666667	2.656000001	2.781	2.16	0.637037037	1.376	2.232	1.245967742	0.33	1.674418605	0.881	0.892682317	0.658
1	2.49	1.066666667	2.656000001	2.781	1.24	0.459259259	0.569481481	1.984	1.40171371	1.25	2.322580645	0.991	1.001435492	0.067
-1	2.49	1.066666667	2.656000001	2.781	1.54	0.296296296	0.456296296	1.79	1.553631285	0.95	3.6	1.099	1.12733024	0.994
1	2.49	1.066666667	2.656000001	2.781	1.48	0.511111111	0.756444444	2.055	1.353284672	1.01	2.086956522	0.957	0.96707251	0.297
-1	2.49	1.066666667	2.656000001	2.781	1.34	0.718518519	0.962814815	2.127	1.307475317	1.15	1.484536082	0.924	0.850356862	0.474
1	2.49	1.066666667	2.656000001	2.781	1.9	0.448148148	0.851481481	1.965	1.415267176	0.59	2.380165289	1.001	1.009119141	0.006
1	2.49	1.066666667	2.656000001	2.781	2.11	0.533333333	1.125333333	2.078	1.338306064	0.38	2	0.946	0.953056966	0.359
1	2.24	0.899259259	2.01434074	2.545	1.83	0.396296296	0.725222222	1.876	1.356609808	0.41	2.269158879	0.959	0.961815272	0.395
1	2.24	0.899259259	2.01434074	2.545	1.56	0.451851852	0.704888889	1.956	1.301124744	0.68	1.990163934	0.92	0.925011116	0.699
1	2.24	0.899259259	2.01434074	2.545	1.78	0.455555556	0.81088889	1.98	1.285353535	0.46	1.97398374	0.909	0.922657398	0.773
1	2.24	0.899259259	2.01434074	2.545	1.61	0.477777778	0.769222223	2.015	1.263027295	0.63	1.882170543	0.893	0.908782851	0.87
1	2.24	0.899259259	2.01434074	2.545	1.89	0.477777778	0.903	2.016	1.262400794	0.35	1.882170543	0.892	0.908782851	0.873
1	2.24	0.899259259	2.01434074	2.545	1.16	0.492592593	0.571407408	2.049	1.242069302	1.08	1.82556391	0.878	0.899762674	0.953
1	2.24	0.899259259	2.01434074	2.545	1.9	0.496296296	0.942962962	2.047	1.243282853	0.34	1.811940299	0.879	0.897535538	0.949
-1	1.4	1.259259259	1.762962963	3.043	0.48	0.348148148	0.167111111	1.907	1.595700052	0.92	3.617021277	1.128	1.184986639	0.799
-1	1.4	0.825703704	1.155985185	2.516	2.34	0.764444444	1.788799999	2.428	1.036243822	0.94	1.080135659	0.733	0.638147543	1.42
1	1.4	0.825703704	1.155985	2.516	1.53	0.444444444	0.679999999	2.006	1.254237288	0.13	1.857833333	0.887	0.89374671	0.9
-1	1.4	1.259259259	1.762962963	3.043	0.4	0.113407407	0.045362963	1.499	2.030020013	1	11.10385369	1.435	1.434818497	5.738
-1	1.4	1.259259259	1.762962963	3.043	1.39	0.444444444	0.617777777	2.009	1.514683922	0.01	2.833333333	1.071	1.10598753	0.374
-1	1.4	1.259259259	1.762962963	3.043	1.81	0.4	0.724	1.87	1.627272727	0.41	3.148148148	1.151	1.141098245	0.998
1	2.19	0.865851852	1.896215556	2.513	1.83	0.396296296	0.725222222	1.876	1.339552239	0.36	2.184859813	0.947	0.944897226	0.49
-1	2.19	0.865851852	1.896215556	2.513	1.4	0.2	0.28	1.627	1.544560541	0.79	4.329259259	1.092	1.099463748	1.194
1	2.19	0.865851852	1.896215556	2.513	1.78	0.455555556	0.81088889	1.98	1.269191919	0.41	1.900650407	0.897	0.906428128	0.838
1	2.19	0.865851852	1.896215556	2.513	1.61	0.477777778	0.769222223	2.015	1.247146402	0.58	1.812248062	0.882	0.89279763	0.927
1	2.19	0.865851852	1.896215556	2.513	1.53	0.444444444	0.679999999	2.006	1.252741775	0.66	1.948166667	0.886	0.913400652	0.905
1	2.19	0.865851852	1.896215556	2.513	1.9	0.496296296	0.942962962	2.047	1.22765022	0.29	1.744626866	0.868	0.881748154	0.998
-1	2.19	0.865851852	1.896215556	2.513	2.22	0.666666667	1.480000001	2.275	1.104615385	0.03	1.298777778	0.781	0.791613898	1.319
1	2.22	0.888888889	1.973333334	2.532	1.83	0.396296296	0.725222222	1.876	1.349680171	0.39	2.242990654	0.954	0.95656355	0.435
1	2.34	0.860666667	2.013960001	2.478	1.83	0.396296296	0.725222222	1.876	1.320895522	0.51	2.171775701	0.934	0.942271366	0.586
1	2.34	0.860666667	2.013960001	2.478	1.78	0.455555556	0.81088889	1.98	1.251515152	0.56	1.889268293	0.885	0.903909173	0.902
1	2.34	0.860666667	2.013960001	2.478	1.61	0.477777778	0.769222223	2.015	1.229776675	0.73	1.801395349	0.869	0.890316553	0.983
1	2.34	0.860666667	2.013960001	2.478	1.53	0.444444444	0.679999999	2.006	1.235294118	0.81	1.9365	0.873	0.91086232	0.963
-1	2.22	0.888888889	1.973333334	2.532	1.4	0.2	0.28	1.627	1.556238476	0.82	4.444444444	1.1	1.113038452	1.338
1	2.34	0.860666667	2.013960001	2.478	1.9	0.496296296	0.942962962	2.047	1.210552027	0.44	1.734179104	0.856	0.879297784	1.048
-1	2.34	0.860666667	2.013960001	2.478	2.22	0.666666667	1.480000001	2.275	1.089230769	0.12	1.291	0.77	0.789414011	1.34
1	2.22	0.888888889	1.973333334	2.532	1.56	0.451851852	0.704888889	1.956	1.294478528	0.66	1.967213115	0.915	0.919960353	0.728
1	2.22	0.888888889	1.973333334	2.532	1.78	0.455555556	0.81088889	1.98	1.278787879	0.44	1.951219512	0.904	0.917619487	0.8
1	2.22	0.888888889	1.973333334	2.532	1.61	0.477777778	0.769222223	2.015	1.256575682	0.61	1.860465116	0.888	0.903820698	0.894
1	2.22	0.888888889	1.973333334	2.532	1.63	0.459259259	0.748592592	1.986	1.274924471	0.59	1.935483871	0.901	0.915290504	0.817
1	2.22	0.888888889	1.973333334	2.532	1.89	0.477777778	0.903	2.016	1.255952381	0.33	1.860465116	0.888	0.903820698	0.896
1	2.22	0.888888889	1.973333334	2.532	1.53	0.444444444	0.679999999	2.006	1.26221336	0.69	2	0.892	0.924678099	0.871
1	2.22	0.888888889	1.973333334	2.532	2.08	0.551851852	1.147851852	2.105	1.202850356	0.14	1.610738255	0.85	0.860678899	1.085
1	2.22	0.888888889	1.973333334	2.532	1.9	0.496296296	0.942962962	2.047	1.236932096	0.32	1.791044776	0.874	0.892634798	0.969
1	2.22	0.888888889	1.973333334	2.532	1.81	0.474074074	0.858074074	1.999	1.266633317	0.41	1.875	0.895	0.906091604	0.853
-1	1.79	0.785111111	1.405348889	2.367	1.43	0.392592593	0.561407408	1.898	1.247102213	0.36	1.999811321	0.882	0.906413102	0.595
-1	1.79	0.785111111	1.405348889	2.367	0.89	0.37037037	0.329629629	1.961	1.207037226	0.9	2.1198	0.853	0.921111693	0.688
-1	1.79	0.785111111	1.405348889	2.367	1.54	0.296296296	0.456296296	1.79	1.322346369	0.25	2.64975	0.935	0.973746647	0.371
-1	1.79	0.785111111	1.405348889	2.367	1.48	0.511111111	0.756444444	2.055	1.151824818	0.31	1.536086957	0.814	0.835321879	0.792
-1	1.79	0.785111111	1.405348889	2.367	1.34	0.718518519	0.962814815	2.127	1.112834979	0.45	1.092680412	0.787	0.734507169	0.85
-1	1.79	0.785111111	1.405348889	2.367	1.9	0.448148148	0.851481481	1.965	1.204580153	0.11	1.751900826	0.852	0.871640221	0.694
-1	2.55	1.192592593	3.041111112	2.948	1.43	0.392592593	0.561407408	1.898	1.553213909	1.12	3.037735849	1.098	1.11331706	1.074
1	2.44	0.992592593	2.421925927	2.63	2.11	0.533333333	1.125333333	2.078	1.265640038	0.33	1.861111111	0.895	0.918897218	0.585
-1	1.56	0.797777778	1.244533334	2.355	0.89	0.118518519	0.105481482	1.54	1.529220779	0.67	6.73125	1.081	1.136521959	0.634
-1	1.56	0.797777778	1.244533334	2.355	1.54	0.296296296	0.456296296	1.79	1.315642458	0.02	2.6925	0.93	0.980656091	0.392
1	2.22	0.888888889	1.973333334	2.514	1.89	0.477777778	0.903	2.016	1.24702381	0.33	1.860465116	0.882	0.903820698	0.927
1	2.24	0.911111111	2.040888889	2.587	1.63	0.459259259	0.748592592	1.986	1.302618328	0.61	1.983870968	0.921	0.926058627	0.7
1	2.24	0.911111111	2.040888889	2.587	1.9	0.496296296	0.942962962	2.047	1.263800684	0.34	1.835820896	0.893	0.903136384	0.876
1	2.34	1.007407407	2.357333332	2.685	1.61	0.477777778	0.769222223	2.015	1.332506203	0.73	2.108527132	0.942	0.960531016	0.558
1	2.51	1.02962963	2.584370371	2.722	1.94	0.577777778	1.120888889	2.174	1.252069917	0.57	1.782051282	0.886	0.90961154	0.317
-1	2.27	0.918518519	2.085037038	2.601	1.4	0.2	0.28	1.627	1.598647818	0.87	4.592592593	1.13	1.130497879	1.93
1	2.49	1.066666667	2.656000001	2.781	2.32	0.644444444	1.49511111	2.178	1.276859504	0.17	1.655172414	0.903	0.888661225	0.573
1	2.49	1.066666667	2.656000001	2.781	1.81	0.42962963	0.77762963	1.934	1.43795243	0.68	2.482758621	1.017	1.022190632	0.136
1	1.4	1.259259259	1.762962963	3.043	0.78	0.703703704	0.548888889	2.07	1.470048309	0.62	1.789473684	1.039	0.93768508	0.189
1	2.34	0.860666667	2.013960001	2.478	1.89	0.477777778	0.903	2.016	1.229166667	0.45	1.801395349	0.869	0.890316553	0.985
-1	2.22	0.888888889	1.973333334	2.532	1.66	0.592592593	0.983703704	2.158	1.173308619	0.56	1.5	0.829	0.838661531	1.17
